(
    (0.0 (0.45 -0.028 0.0))
    (0.0010005002501250625 (0.45 -0.028 0.0))
    (0.002001000500250125 (0.45 -0.028 0.0))
    (0.003001500750375187 (0.45 -0.028 0.0))
    (0.00400200100050025 (0.45 -0.028 0.0))
    (0.0050025012506253125 (0.45 -0.028 0.0))
    (0.006003001500750374 (0.45 -0.028 0.0))
    (0.007003501750875437 (0.45 -0.028 0.0))
    (0.0080040020010005 (0.45 -0.028 0.0))
    (0.009004502251125562 (0.45 -0.028 0.0))
    (0.010005002501250625 (0.45 -0.028 0.0))
    (0.011005502751375688 (0.45 -0.028 0.0))
    (0.012006003001500749 (0.45 -0.028 0.0))
    (0.013006503251625811 (0.45 -0.028 0.0))
    (0.014007003501750874 (0.45 -0.028 0.0))
    (0.015007503751875937 (0.45 -0.028 0.0))
    (0.016008004002001 (0.45 -0.028 0.0))
    (0.01700850425212606 (0.45 -0.028 0.0))
    (0.018009004502251125 (0.45 -0.028 0.0))
    (0.019009504752376186 (0.45 -0.028 0.0))
    (0.02001000500250125 (0.45 -0.028 0.0))
    (0.02101050525262631 (0.45 -0.028 0.0))
    (0.022011005502751375 (0.45 -0.028 0.0))
    (0.023011505752876436 (0.45 -0.028 0.0))
    (0.024012006003001497 (0.45 -0.028 0.0))
    (0.02501250625312656 (0.45 -0.028 0.0))
    (0.026013006503251623 (0.45 -0.028 0.0))
    (0.027013506753376687 (0.45 -0.028 0.0))
    (0.028014007003501748 (0.45 -0.028 0.0))
    (0.029014507253626812 (0.45 -0.028 0.0))
    (0.030015007503751873 (0.45 -0.028 0.0))
    (0.031015507753876938 (0.45 -0.028 0.0))
    (0.032016008004002 (0.45 -0.028 0.0))
    (0.03301650825412706 (0.45 -0.028 0.0))
    (0.03401700850425212 (0.45 -0.028 0.0))
    (0.03501750875437719 (0.45 -0.028 0.0))
    (0.03601800900450225 (0.45 -0.028 0.0))
    (0.03701850925462731 (0.45 -0.028 0.0))
    (0.03801900950475237 (0.45 -0.028 0.0))
    (0.03901950975487744 (0.45 -0.028 0.0))
    (0.0400200100050025 (0.45 -0.028 0.0))
    (0.04102051025512756 (0.45 -0.028 0.0))
    (0.04202101050525262 (0.45 -0.028 0.0))
    (0.04302151075537768 (0.45 -0.028 0.0))
    (0.04402201100550275 (0.45 -0.028 0.0))
    (0.04502251125562781 (0.45 -0.028 0.0))
    (0.04602301150575287 (0.45 -0.028 0.0))
    (0.047023511755877934 (0.45 -0.028 0.0))
    (0.048024012006002995 (0.45 -0.028 0.0))
    (0.04902451225612806 (0.45 -0.028 0.0))
    (0.05002501250625312 (0.45 -0.028 0.0))
    (0.051025512756378184 (0.45 -0.028 0.0))
    (0.052026013006503245 (0.45 -0.028 0.0))
    (0.05302651325662831 (0.45 -0.028 0.0))
    (0.054027013506753374 (0.45 -0.028 0.0))
    (0.055027513756878435 (0.45 -0.028 0.0))
    (0.056028014007003496 (0.45 -0.028 0.0))
    (0.05702851425712856 (0.45 -0.028 0.0))
    (0.058029014507253625 (0.45 -0.028 0.0))
    (0.059029514757378686 (0.45 -0.028 0.0))
    (0.06003001500750375 (0.45 -0.028 0.0))
    (0.06103051525762881 (0.45 -0.028 0.0))
    (0.062031015507753876 (0.45 -0.028 0.0))
    (0.06303151575787894 (0.45 -0.028 0.0))
    (0.064032016008004 (0.45 -0.028 0.0))
    (0.06503251625812906 (0.45 -0.028 0.0))
    (0.06603301650825412 (0.45 -0.028 0.0))
    (0.06703351675837918 (0.45 -0.028 0.0))
    (0.06803401700850424 (0.45 -0.028 0.0))
    (0.06903451725862932 (0.45 -0.028 0.0))
    (0.07003501750875438 (0.45 -0.028 0.0))
    (0.07103551775887944 (0.45 -0.028 0.0))
    (0.0720360180090045 (0.45 -0.028 0.0))
    (0.07303651825912956 (0.45 -0.028 0.0))
    (0.07403701850925462 (0.45 -0.028 0.0))
    (0.07503751875937968 (0.45 -0.028 0.0))
    (0.07603801900950474 (0.45 -0.028 0.0))
    (0.0770385192596298 (0.45 -0.028 0.0))
    (0.07803901950975488 (0.45 -0.028 0.0))
    (0.07903951975987994 (0.45 -0.028 0.0))
    (0.080040020010005 (0.45 -0.028 0.0))
    (0.08104052026013006 (0.45 -0.028 0.0))
    (0.08204102051025512 (0.45 -0.028 0.0))
    (0.08304152076038018 (0.45 -0.028 0.0))
    (0.08404202101050524 (0.45 -0.028 0.0))
    (0.0850425212606303 (0.45 -0.028 0.0))
    (0.08604302151075537 (0.45 -0.028 0.0))
    (0.08704352176088044 (0.45 -0.028 0.0))
    (0.0880440220110055 (0.45 -0.028 0.0))
    (0.08904452226113056 (0.45 -0.028 0.0))
    (0.09004502251125562 (0.45 -0.028 0.0))
    (0.09104552276138068 (0.45 -0.028 0.0))
    (0.09204602301150575 (0.45 -0.028 0.0))
    (0.0930465232616308 (0.45 -0.028 0.0))
    (0.09404702351175587 (0.45 -0.028 0.0))
    (0.09504752376188093 (0.45 -0.028 0.0))
    (0.09604802401200599 (0.45 -0.028 0.0))
    (0.09704852426213106 (0.45 -0.028 0.0))
    (0.09804902451225612 (0.45 -0.028 0.0))
    (0.09904952476238119 (0.45 -0.028 0.0))
    (0.10005002501250625 (0.45 -0.028 0.0))
    (0.10105052526263131 (0.45 -0.028 0.0))
    (0.10205102551275637 (0.45 -0.028 0.0))
    (0.10305152576288143 (0.45 -0.028 0.0))
    (0.10405202601300649 (0.45 -0.028 0.0))
    (0.10505252626313155 (0.45 -0.028 0.0))
    (0.10605302651325663 (0.45 -0.028 0.0))
    (0.10705352676338169 (0.45 -0.028 0.0))
    (0.10805402701350675 (0.45 -0.028 0.0))
    (0.10905452726363181 (0.45 -0.028 0.0))
    (0.11005502751375687 (0.45 -0.028 0.0))
    (0.11105552776388193 (0.45 -0.028 0.0))
    (0.11205602801400699 (0.45 -0.028 0.0))
    (0.11305652826413205 (0.45 -0.028 0.0))
    (0.11405702851425711 (0.45 -0.028 0.0))
    (0.11505752876438219 (0.45 -0.028 0.0))
    (0.11605802901450725 (0.45 -0.028 0.0))
    (0.11705852926463231 (0.45 -0.028 0.0))
    (0.11805902951475737 (0.45 -0.028 0.0))
    (0.11905952976488243 (0.45 -0.028 0.0))
    (0.1200600300150075 (0.45 -0.028 0.0))
    (0.12106053026513255 (0.45 -0.028 0.0))
    (0.12206103051525762 (0.45 -0.028 0.0))
    (0.12306153076538268 (0.45 -0.028 0.0))
    (0.12406203101550775 (0.45 -0.028 0.0))
    (0.1250625312656328 (0.45 -0.028 0.0))
    (0.12606303151575787 (0.45 -0.028 0.0))
    (0.12706353176588292 (0.45 -0.028 0.0))
    (0.128064032016008 (0.45 -0.028 0.0))
    (0.12906453226613307 (0.45 -0.028 0.0))
    (0.13006503251625812 (0.45 -0.028 0.0))
    (0.1310655327663832 (0.45 -0.028 0.0))
    (0.13206603301650824 (0.45 -0.028 0.0))
    (0.1330665332666333 (0.45 -0.028 0.0))
    (0.13406703351675836 (0.45 -0.028 0.0))
    (0.13506753376688344 (0.45 -0.028 0.0))
    (0.13606803401700848 (0.45 -0.028 0.0))
    (0.13706853426713356 (0.45 -0.028 0.0))
    (0.13806903451725863 (0.45 -0.028 0.0))
    (0.13906953476738368 (0.45 -0.028 0.0))
    (0.14007003501750875 (0.45 -0.028 0.0))
    (0.1410705352676338 (0.45 -0.028 0.0))
    (0.14207103551775888 (0.45 -0.028 0.0))
    (0.14307153576788392 (0.45 -0.028 0.0))
    (0.144072036018009 (0.45 -0.028 0.0))
    (0.14507253626813404 (0.45 -0.028 0.0))
    (0.14607303651825912 (0.45 -0.028 0.0))
    (0.1470735367683842 (0.45 -0.028 0.0))
    (0.14807403701850924 (0.45 -0.028 0.0))
    (0.14907453726863432 (0.45 -0.028 0.0))
    (0.15007503751875936 (0.45 -0.028 0.0))
    (0.15107553776888444 (0.45 -0.028 0.0))
    (0.15207603801900949 (0.45 -0.028 0.0))
    (0.15307653826913456 (0.45 -0.028 0.0))
    (0.1540770385192596 (0.45 -0.028 0.0))
    (0.15507753876938468 (0.45 -0.028 0.0))
    (0.15607803901950976 (0.45 -0.028 0.0))
    (0.1570785392696348 (0.45 -0.028 0.0))
    (0.15807903951975988 (0.45 -0.028 0.0))
    (0.15907953976988493 (0.45 -0.028 0.0))
    (0.16008004002001 (0.45 -0.028 0.0))
    (0.16108054027013505 (0.45 -0.028 0.0))
    (0.16208104052026012 (0.45 -0.028 0.0))
    (0.16308154077038517 (0.45 -0.028 0.0))
    (0.16408204102051024 (0.45 -0.028 0.0))
    (0.16508254127063532 (0.45 -0.028 0.0))
    (0.16608304152076037 (0.45 -0.028 0.0))
    (0.16708354177088544 (0.45 -0.028 0.0))
    (0.1680840420210105 (0.45 -0.028 0.0))
    (0.16908454227113556 (0.45 -0.028 0.0))
    (0.1700850425212606 (0.45 -0.028 0.0))
    (0.17108554277138568 (0.45 -0.028 0.0))
    (0.17208604302151073 (0.45 -0.028 0.0))
    (0.1730865432716358 (0.45 -0.028 0.0))
    (0.17408704352176088 (0.45 -0.028 0.0))
    (0.17508754377188593 (0.45 -0.028 0.0))
    (0.176088044022011 (0.45 -0.028 0.0))
    (0.17708854427213605 (0.45 -0.028 0.0))
    (0.17808904452226113 (0.45 -0.028 0.0))
    (0.17908954477238617 (0.45 -0.028 0.0))
    (0.18009004502251125 (0.45 -0.028 0.0))
    (0.1810905452726363 (0.45 -0.028 0.0))
    (0.18209104552276137 (0.45 -0.028 0.0))
    (0.18309154577288644 (0.45 -0.028 0.0))
    (0.1840920460230115 (0.45 -0.028 0.0))
    (0.18509254627313657 (0.45 -0.028 0.0))
    (0.1860930465232616 (0.45 -0.028 0.0))
    (0.1870935467733867 (0.45 -0.028 0.0))
    (0.18809404702351173 (0.45 -0.028 0.0))
    (0.1890945472736368 (0.45 -0.028 0.0))
    (0.19009504752376186 (0.45 -0.028 0.0))
    (0.19109554777388693 (0.45 -0.028 0.0))
    (0.19209604802401198 (0.45 -0.028 0.0))
    (0.19309654827413705 (0.45 -0.028 0.0))
    (0.19409704852426213 (0.45 -0.028 0.0))
    (0.19509754877438718 (0.45 -0.028 0.0))
    (0.19609804902451225 (0.45 -0.028 0.0))
    (0.1970985492746373 (0.45 -0.028 0.0))
    (0.19809904952476237 (0.45 -0.028 0.0))
    (0.19909954977488742 (0.45 -0.028 0.0))
    (0.2001000500250125 (0.45 -0.028 0.0))
    (0.20110055027513754 (0.45 -0.028 0.0))
    (0.20210105052526262 (0.45 -0.028 0.0))
    (0.2031015507753877 (0.45 -0.028 0.0))
    (0.20410205102551274 (0.45 -0.028 0.0))
    (0.2051025512756378 (0.45 -0.028 0.0))
    (0.20610305152576286 (0.45 -0.028 0.0))
    (0.20710355177588793 (0.45 -0.028 0.0))
    (0.20810405202601298 (0.45 -0.028 0.0))
    (0.20910455227613806 (0.45 -0.028 0.0))
    (0.2101050525262631 (0.45 -0.028 0.0))
    (0.21110555277638818 (0.45 -0.028 0.0))
    (0.21210605302651325 (0.45 -0.028 0.0))
    (0.2131065532766383 (0.45 -0.028 0.0))
    (0.21410705352676337 (0.45 -0.028 0.0))
    (0.21510755377688842 (0.45 -0.028 0.0))
    (0.2161080540270135 (0.45 -0.028 0.0))
    (0.21710855427713854 (0.45 -0.028 0.0))
    (0.21810905452726362 (0.45 -0.028 0.0))
    (0.21910955477738867 (0.45 -0.028 0.0))
    (0.22011005502751374 (0.45 -0.028 0.0))
    (0.22111055527763882 (0.45 -0.028 0.0))
    (0.22211105552776386 (0.45 -0.028 0.0))
    (0.22311155577788894 (0.45 -0.028 0.0))
    (0.22411205602801398 (0.45 -0.028 0.0))
    (0.22511255627813906 (0.45 -0.028 0.0))
    (0.2261130565282641 (0.45 -0.028 0.0))
    (0.22711355677838918 (0.45 -0.028 0.0))
    (0.22811405702851423 (0.45 -0.028 0.0))
    (0.2291145572786393 (0.45 -0.028 0.0))
    (0.23011505752876438 (0.45 -0.028 0.0))
    (0.23111555777888942 (0.45 -0.028 0.0))
    (0.2321160580290145 (0.45 -0.028 0.0))
    (0.23311655827913955 (0.45 -0.028 0.0))
    (0.23411705852926462 (0.45 -0.028 0.0))
    (0.23511755877938967 (0.45 -0.028 0.0))
    (0.23611805902951474 (0.45 -0.028 0.0))
    (0.2371185592796398 (0.45 -0.028 0.0))
    (0.23811905952976486 (0.45 -0.028 0.0))
    (0.23911955977988994 (0.45 -0.028 0.0))
    (0.240120060030015 (0.45 -0.028 0.0))
    (0.24112056028014006 (0.45 -0.028 0.0))
    (0.2421210605302651 (0.45 -0.028 0.0))
    (0.24312156078039018 (0.45 -0.028 0.0))
    (0.24412206103051523 (0.45 -0.028 0.0))
    (0.2451225612806403 (0.45 -0.028 0.0))
    (0.24612306153076535 (0.45 -0.028 0.0))
    (0.24712356178089043 (0.45 -0.028 0.0))
    (0.2481240620310155 (0.45 -0.028 0.0))
    (0.24912456228114055 (0.45 -0.028 0.0))
    (0.2501250625312656 (0.45 -0.028 0.0))
    (0.2511255627813907 (0.45 -0.028 0.0))
    (0.25212606303151575 (0.45 -0.028 0.0))
    (0.2531265632816408 (0.45 -0.028 0.0))
    (0.25412706353176584 (0.45 -0.028 0.0))
    (0.25512756378189094 (0.45 -0.028 0.0))
    (0.256128064032016 (0.45 -0.028 0.0))
    (0.25712856428214104 (0.45 -0.028 0.0))
    (0.25812906453226614 (0.45 -0.028 0.0))
    (0.2591295647823912 (0.45 -0.028 0.0))
    (0.26013006503251623 (0.45 -0.028 0.0))
    (0.2611305652826413 (0.45 -0.028 0.0))
    (0.2621310655327664 (0.45 -0.028 0.0))
    (0.26313156578289143 (0.45 -0.028 0.0))
    (0.2641320660330165 (0.45 -0.028 0.0))
    (0.2651325662831415 (0.45 -0.028 0.0))
    (0.2661330665332666 (0.45 -0.028 0.0))
    (0.2671335667833917 (0.45 -0.028 0.0))
    (0.2681340670335167 (0.45 -0.028 0.0))
    (0.2691345672836418 (0.45 -0.028 0.0))
    (0.27013506753376687 (0.45 -0.028 0.0))
    (0.2711355677838919 (0.45 -0.028 0.0))
    (0.27213606803401696 (0.45 -0.028 0.0))
    (0.27313656828414207 (0.45 -0.028 0.0))
    (0.2741370685342671 (0.45 -0.028 0.0))
    (0.27513756878439216 (0.45 -0.028 0.0))
    (0.27613806903451726 (0.45 -0.028 0.0))
    (0.2771385692846423 (0.45 -0.028 0.0))
    (0.27813906953476736 (0.45 -0.028 0.0))
    (0.2791395697848924 (0.45 -0.028 0.0))
    (0.2801400700350175 (0.45 -0.028 0.0))
    (0.28114057028514255 (0.45 -0.028 0.0))
    (0.2821410705352676 (0.45 -0.028 0.0))
    (0.28314157078539265 (0.45 -0.028 0.0))
    (0.28414207103551775 (0.45 -0.028 0.0))
    (0.2851425712856428 (0.45 -0.028 0.0))
    (0.28614307153576785 (0.45 -0.028 0.0))
    (0.28714357178589295 (0.45 -0.028 0.0))
    (0.288144072036018 (0.45 -0.028 0.0))
    (0.28914457228614304 (0.45 -0.028 0.0))
    (0.2901450725362681 (0.45 -0.028 0.0))
    (0.2911455727863932 (0.45 -0.028 0.0))
    (0.29214607303651824 (0.45 -0.028 0.0))
    (0.2931465732866433 (0.45 -0.028 0.0))
    (0.2941470735367684 (0.45 -0.028 0.0))
    (0.29514757378689344 (0.45 -0.028 0.0))
    (0.2961480740370185 (0.45 -0.028 0.0))
    (0.29714857428714353 (0.45 -0.028 0.0))
    (0.29814907453726863 (0.45 -0.028 0.0))
    (0.2991495747873937 (0.45 -0.028 0.0))
    (0.3001500750375187 (0.45 -0.028 0.0))
    (0.3011505752876438 (0.45 -0.028 0.0))
    (0.3021510755377689 (0.45 -0.028 0.0))
    (0.3031515757878939 (0.45 -0.028 0.0))
    (0.30415207603801897 (0.45 -0.028 0.0))
    (0.3051525762881441 (0.45 -0.028 0.0))
    (0.3061530765382691 (0.45 -0.028 0.0))
    (0.30715357678839417 (0.45 -0.028 0.0))
    (0.3081540770385192 (0.45 -0.028 0.0))
    (0.3091545772886443 (0.45 -0.028 0.0))
    (0.31015507753876936 (0.45 -0.028 0.0))
    (0.3111555777888944 (0.45 -0.028 0.0))
    (0.3121560780390195 (0.45 -0.028 0.0))
    (0.31315657828914456 (0.45 -0.028 0.0))
    (0.3141570785392696 (0.45 -0.028 0.0))
    (0.31515757878939465 (0.45 -0.028 0.0))
    (0.31615807903951976 (0.45 -0.028 0.0))
    (0.3171585792896448 (0.45 -0.028 0.0))
    (0.31815907953976985 (0.45 -0.028 0.0))
    (0.3191595797898949 (0.45 -0.028 0.0))
    (0.32016008004002 (0.45 -0.028 0.0))
    (0.32116058029014505 (0.45 -0.028 0.0))
    (0.3221610805402701 (0.45 -0.028 0.0))
    (0.3231615807903952 (0.45 -0.028 0.0))
    (0.32416208104052024 (0.45 -0.028 0.0))
    (0.3251625812906453 (0.45 -0.028 0.0))
    (0.32616308154077034 (0.45 -0.028 0.0))
    (0.32716358179089544 (0.45 -0.028 0.0))
    (0.3281640820410205 (0.45 -0.028 0.0))
    (0.32916458229114554 (0.45 -0.028 0.0))
    (0.33016508254127064 (0.45 -0.028 0.0))
    (0.3311655827913957 (0.45 -0.028 0.0))
    (0.33216608304152073 (0.45 -0.028 0.0))
    (0.3331665832916458 (0.45 -0.028 0.0))
    (0.3341670835417709 (0.45 -0.028 0.0))
    (0.33516758379189593 (0.45 -0.028 0.0))
    (0.336168084042021 (0.45 -0.028 0.0))
    (0.337168584292146 (0.45 -0.028 0.0))
    (0.3381690845422711 (0.45 -0.028 0.0))
    (0.3391695847923962 (0.45 -0.028 0.0))
    (0.3401700850425212 (0.45 -0.028 0.0))
    (0.3411705852926463 (0.45 -0.028 0.0))
    (0.34217108554277137 (0.45 -0.028 0.0))
    (0.3431715857928964 (0.45 -0.028 0.0))
    (0.34417208604302146 (0.45 -0.028 0.0))
    (0.34517258629314657 (0.45 -0.028 0.0))
    (0.3461730865432716 (0.45 -0.028 0.0))
    (0.34717358679339666 (0.45 -0.028 0.0))
    (0.34817408704352176 (0.45 -0.028 0.0))
    (0.3491745872936468 (0.45 -0.028 0.0))
    (0.35017508754377186 (0.45 -0.028 0.0))
    (0.3511755877938969 (0.45 -0.028 0.0))
    (0.352176088044022 (0.45 -0.028 0.0))
    (0.35317658829414705 (0.45 -0.028 0.0))
    (0.3541770885442721 (0.45 -0.028 0.0))
    (0.35517758879439715 (0.45 -0.028 0.0))
    (0.35617808904452225 (0.45 -0.028 0.0))
    (0.3571785892946473 (0.45 -0.028 0.0))
    (0.35817908954477234 (0.45 -0.028 0.0))
    (0.35917958979489745 (0.45 -0.028 0.0))
    (0.3601800900450225 (0.45 -0.028 0.0))
    (0.36118059029514754 (0.45 -0.028 0.0))
    (0.3621810905452726 (0.45 -0.028 0.0))
    (0.3631815907953977 (0.45 -0.028 0.0))
    (0.36418209104552274 (0.45 -0.028 0.0))
    (0.3651825912956478 (0.45 -0.028 0.0))
    (0.3661830915457729 (0.45 -0.028 0.0))
    (0.36718359179589793 (0.45 -0.028 0.0))
    (0.368184092046023 (0.45 -0.028 0.0))
    (0.36918459229614803 (0.45 -0.028 0.0))
    (0.37018509254627313 (0.45 -0.028 0.0))
    (0.3711855927963982 (0.45 -0.028 0.0))
    (0.3721860930465232 (0.45 -0.028 0.0))
    (0.3731865932966483 (0.45 -0.028 0.0))
    (0.3741870935467734 (0.45 -0.028 0.0))
    (0.3751875937968984 (0.45 -0.028 0.0))
    (0.37618809404702347 (0.45 -0.028 0.0))
    (0.37718859429714857 (0.45 -0.028 0.0))
    (0.3781890945472736 (0.45 -0.028 0.0))
    (0.37918959479739867 (0.45 -0.028 0.0))
    (0.3801900950475237 (0.45 -0.028 0.0))
    (0.3811905952976488 (0.45 -0.028 0.0))
    (0.38219109554777386 (0.45 -0.028 0.0))
    (0.3831915957978989 (0.45 -0.028 0.0))
    (0.38419209604802396 (0.45 -0.028 0.0))
    (0.38519259629814906 (0.45 -0.028 0.0))
    (0.3861930965482741 (0.45 -0.028 0.0))
    (0.38719359679839915 (0.45 -0.028 0.0))
    (0.38819409704852426 (0.45 -0.028 0.0))
    (0.3891945972986493 (0.45 -0.028 0.0))
    (0.39019509754877435 (0.45 -0.028 0.0))
    (0.3911955977988994 (0.45 -0.028 0.0))
    (0.3921960980490245 (0.45 -0.028 0.0))
    (0.39319659829914955 (0.45 -0.028 0.0))
    (0.3941970985492746 (0.45 -0.028 0.0))
    (0.3951975987993997 (0.45 -0.028 0.0))
    (0.39619809904952474 (0.45 -0.028 0.0))
    (0.3971985992996498 (0.45 -0.028 0.0))
    (0.39819909954977484 (0.45 -0.028 0.0))
    (0.39919959979989994 (0.45 -0.028 0.0))
    (0.400200100050025 (0.45 -0.028 0.0))
    (0.40120060030015003 (0.45 -0.028 0.0))
    (0.4022011005502751 (0.45 -0.028 0.0))
    (0.4032016008004002 (0.45 -0.028 0.0))
    (0.40420210105052523 (0.45 -0.028 0.0))
    (0.4052026013006503 (0.45 -0.028 0.0))
    (0.4062031015507754 (0.45 -0.028 0.0))
    (0.4072036018009004 (0.45 -0.028 0.0))
    (0.4082041020510255 (0.45 -0.028 0.0))
    (0.4092046023011505 (0.45 -0.028 0.0))
    (0.4102051025512756 (0.45 -0.028 0.0))
    (0.41120560280140067 (0.45 -0.028 0.0))
    (0.4122061030515257 (0.45 -0.028 0.0))
    (0.4132066033016508 (0.45 -0.028 0.0))
    (0.41420710355177587 (0.45 -0.028 0.0))
    (0.4152076038019009 (0.45 -0.028 0.0))
    (0.41620810405202596 (0.45 -0.028 0.0))
    (0.41720860430215106 (0.45 -0.028 0.0))
    (0.4182091045522761 (0.45 -0.028 0.0))
    (0.41920960480240116 (0.45 -0.028 0.0))
    (0.4202101050525262 (0.45 -0.028 0.0))
    (0.4212106053026513 (0.45 -0.028 0.0))
    (0.42221110555277636 (0.45 -0.028 0.0))
    (0.4232116058029014 (0.45 -0.028 0.0))
    (0.4242121060530265 (0.45 -0.028 0.0))
    (0.42521260630315155 (0.45 -0.028 0.0))
    (0.4262131065532766 (0.45 -0.028 0.0))
    (0.42721360680340165 (0.45 -0.028 0.0))
    (0.42821410705352675 (0.45 -0.028 0.0))
    (0.4292146073036518 (0.45 -0.028 0.0))
    (0.43021510755377684 (0.45 -0.028 0.0))
    (0.43121560780390195 (0.45 -0.028 0.0))
    (0.432216108054027 (0.45 -0.028 0.0))
    (0.43321660830415204 (0.45 -0.028 0.0))
    (0.4342171085542771 (0.45 -0.028 0.0))
    (0.4352176088044022 (0.45 -0.028 0.0))
    (0.43621810905452724 (0.45 -0.028 0.0))
    (0.4372186093046523 (0.45 -0.028 0.0))
    (0.43821910955477733 (0.45 -0.028 0.0))
    (0.43921960980490243 (0.45 -0.028 0.0))
    (0.4402201100550275 (0.45 -0.028 0.0))
    (0.4412206103051525 (0.45 -0.028 0.0))
    (0.44222111055527763 (0.45 -0.028 0.0))
    (0.4432216108054027 (0.45 -0.028 0.0))
    (0.4442221110555277 (0.45 -0.028 0.0))
    (0.44522261130565277 (0.45 -0.028 0.0))
    (0.4462231115557779 (0.45 -0.028 0.0))
    (0.4472236118059029 (0.45 -0.028 0.0))
    (0.44822411205602797 (0.45 -0.028 0.0))
    (0.44922461230615307 (0.45 -0.028 0.0))
    (0.4502251125562781 (0.45 -0.028 0.0))
    (0.45122561280640316 (0.45 -0.028 0.0))
    (0.4522261130565282 (0.45 -0.028 0.0))
    (0.4532266133066533 (0.45 -0.028 0.0))
    (0.45422711355677836 (0.45 -0.028 0.0))
    (0.4552276138069034 (0.45 -0.028 0.0))
    (0.45622811405702846 (0.45 -0.028 0.0))
    (0.45722861430715356 (0.45 -0.028 0.0))
    (0.4582291145572786 (0.45 -0.028 0.0))
    (0.45922961480740365 (0.45 -0.028 0.0))
    (0.46023011505752875 (0.45 -0.028 0.0))
    (0.4612306153076538 (0.45 -0.028 0.0))
    (0.46223111555777885 (0.45 -0.028 0.0))
    (0.4632316158079039 (0.45 -0.028 0.0))
    (0.464232116058029 (0.45 -0.028 0.0))
    (0.46523261630815405 (0.45 -0.028 0.0))
    (0.4662331165582791 (0.45 -0.028 0.0))
    (0.4672336168084042 (0.45 -0.028 0.0))
    (0.46823411705852924 (0.45 -0.028 0.0))
    (0.4692346173086543 (0.45 -0.028 0.0))
    (0.47023511755877934 (0.45 -0.028 0.0))
    (0.47123561780890444 (0.45 -0.028 0.0))
    (0.4722361180590295 (0.45 -0.028 0.0))
    (0.47323661830915453 (0.45 -0.028 0.0))
    (0.4742371185592796 (0.45 -0.028 0.0))
    (0.4752376188094047 (0.45 -0.028 0.0))
    (0.47623811905952973 (0.45 -0.028 0.0))
    (0.4772386193096548 (0.45 -0.028 0.0))
    (0.4782391195597799 (0.45 -0.028 0.0))
    (0.4792396198099049 (0.45 -0.028 0.0))
    (0.48024012006003 (0.45 -0.028 0.0))
    (0.481240620310155 (0.45 -0.028 0.0))
    (0.4822411205602801 (0.45 -0.028 0.0))
    (0.48324162081040517 (0.45 -0.028 0.0))
    (0.4842421210605302 (0.45 -0.028 0.0))
    (0.4852426213106553 (0.45 -0.028 0.0))
    (0.48624312156078037 (0.45 -0.028 0.0))
    (0.4872436218109054 (0.45 -0.028 0.0))
    (0.48824412206103046 (0.45 -0.028 0.0))
    (0.48924462231115556 (0.45 -0.028 0.0))
    (0.4902451225612806 (0.45 -0.028 0.0))
    (0.49124562281140566 (0.45 -0.028 0.0))
    (0.4922461230615307 (0.45 -0.028 0.0))
    (0.4932466233116558 (0.45 -0.028 0.0))
    (0.49424712356178085 (0.45 -0.028 0.0))
    (0.4952476238119059 (0.45 -0.028 0.0))
    (0.496248124062031 (0.45 -0.028 0.0))
    (0.49724862431215605 (0.45 -0.028 0.0))
    (0.4982491245622811 (0.45 -0.028 0.0))
    (0.49924962481240615 (0.45 -0.028 0.0))
    (0.5002501250625312 (0.45 -0.028 0.0))
    (0.5012506253126563 (0.45 -0.028 0.0))
    (0.5022511255627814 (0.45 -0.028 0.0))
    (0.5032516258129064 (0.45 -0.028 0.0))
    (0.5042521260630315 (0.45 -0.028 0.0))
    (0.5052526263131566 (0.45 -0.028 0.0))
    (0.5062531265632816 (0.45 -0.028 0.0))
    (0.5072536268134067 (0.45 -0.028 0.0))
    (0.5082541270635317 (0.45 -0.028 0.0))
    (0.5092546273136568 (0.45 -0.028 0.0))
    (0.5102551275637819 (0.45 -0.028 0.0))
    (0.5112556278139069 (0.45 -0.028 0.0))
    (0.512256128064032 (0.45 -0.028 0.0))
    (0.5132566283141571 (0.45 -0.028 0.0))
    (0.5142571285642821 (0.45 -0.028 0.0))
    (0.5152576288144072 (0.45 -0.028 0.0))
    (0.5162581290645323 (0.45 -0.028 0.0))
    (0.5172586293146573 (0.45 -0.028 0.0))
    (0.5182591295647824 (0.45 -0.028 0.0))
    (0.5192596298149074 (0.45 -0.028 0.0))
    (0.5202601300650325 (0.45 -0.028 0.0))
    (0.5212606303151576 (0.45 -0.028 0.0))
    (0.5222611305652826 (0.45 -0.028 0.0))
    (0.5232616308154077 (0.45 -0.028 0.0))
    (0.5242621310655328 (0.45 -0.028 0.0))
    (0.5252626313156578 (0.45 -0.028 0.0))
    (0.5262631315657829 (0.45 -0.028 0.0))
    (0.527263631815908 (0.45 -0.028 0.0))
    (0.528264132066033 (0.45 -0.028 0.0))
    (0.5292646323161581 (0.45 -0.028 0.0))
    (0.530265132566283 (0.45 -0.028 0.0))
    (0.5312656328164082 (0.45 -0.028 0.0))
    (0.5322661330665333 (0.45 -0.028 0.0))
    (0.5332666333166582 (0.45 -0.028 0.0))
    (0.5342671335667833 (0.45 -0.028 0.0))
    (0.5352676338169085 (0.45 -0.028 0.0))
    (0.5362681340670334 (0.45 -0.028 0.0))
    (0.5372686343171585 (0.45 -0.028 0.0))
    (0.5382691345672836 (0.45 -0.028 0.0))
    (0.5392696348174086 (0.45 -0.028 0.0))
    (0.5402701350675337 (0.45 -0.028 0.0))
    (0.5412706353176588 (0.45 -0.028 0.0))
    (0.5422711355677838 (0.45 -0.028 0.0))
    (0.5432716358179089 (0.45 -0.028 0.0))
    (0.5442721360680339 (0.45 -0.028 0.0))
    (0.545272636318159 (0.45 -0.028 0.0))
    (0.5462731365682841 (0.45 -0.028 0.0))
    (0.5472736368184091 (0.45 -0.028 0.0))
    (0.5482741370685342 (0.45 -0.028 0.0))
    (0.5492746373186593 (0.45 -0.028 0.0))
    (0.5502751375687843 (0.45 -0.028 0.0))
    (0.5512756378189094 (0.45 -0.028 0.0))
    (0.5522761380690345 (0.45 -0.028 0.0))
    (0.5532766383191595 (0.45 -0.028 0.0))
    (0.5542771385692846 (0.45 -0.028 0.0))
    (0.5552776388194096 (0.45 -0.028 0.0))
    (0.5562781390695347 (0.45 -0.028 0.0))
    (0.5572786393196598 (0.45 -0.028 0.0))
    (0.5582791395697848 (0.45 -0.028 0.0))
    (0.5592796398199099 (0.45 -0.028 0.0))
    (0.560280140070035 (0.45 -0.028 0.0))
    (0.56128064032016 (0.45 -0.028 0.0))
    (0.5622811405702851 (0.45 -0.028 0.0))
    (0.5632816408204102 (0.45 -0.028 0.0))
    (0.5642821410705352 (0.45 -0.028 0.0))
    (0.5652826413206603 (0.45 -0.028 0.0))
    (0.5662831415707853 (0.45 -0.028 0.0))
    (0.5672836418209104 (0.45 -0.028 0.0))
    (0.5682841420710355 (0.45 -0.028 0.0))
    (0.5692846423211605 (0.45 -0.028 0.0))
    (0.5702851425712856 (0.45 -0.028 0.0))
    (0.5712856428214107 (0.45 -0.028 0.0))
    (0.5722861430715357 (0.45 -0.028 0.0))
    (0.5732866433216608 (0.45 -0.028 0.0))
    (0.5742871435717859 (0.45 -0.028 0.0))
    (0.5752876438219109 (0.45 -0.028 0.0))
    (0.576288144072036 (0.45 -0.028 0.0))
    (0.5772886443221611 (0.45 -0.028 0.0))
    (0.5782891445722861 (0.45 -0.028 0.0))
    (0.5792896448224112 (0.45 -0.028 0.0))
    (0.5802901450725362 (0.45 -0.028 0.0))
    (0.5812906453226613 (0.45 -0.028 0.0))
    (0.5822911455727864 (0.45 -0.028 0.0))
    (0.5832916458229114 (0.45 -0.028 0.0))
    (0.5842921460730365 (0.45 -0.028 0.0))
    (0.5852926463231616 (0.45 -0.028 0.0))
    (0.5862931465732866 (0.45 -0.028 0.0))
    (0.5872936468234117 (0.45 -0.028 0.0))
    (0.5882941470735368 (0.45 -0.028 0.0))
    (0.5892946473236618 (0.45 -0.028 0.0))
    (0.5902951475737869 (0.45 -0.028 0.0))
    (0.5912956478239119 (0.45 -0.028 0.0))
    (0.592296148074037 (0.45 -0.028 0.0))
    (0.5932966483241621 (0.45 -0.028 0.0))
    (0.5942971485742871 (0.45 -0.028 0.0))
    (0.5952976488244122 (0.45 -0.028 0.0))
    (0.5962981490745373 (0.45 -0.028 0.0))
    (0.5972986493246623 (0.45 -0.028 0.0))
    (0.5982991495747874 (0.45 -0.028 0.0))
    (0.5992996498249125 (0.45 -0.028 0.0))
    (0.6003001500750375 (0.45 -0.028 0.0))
    (0.6013006503251626 (0.45 -0.028 0.0))
    (0.6023011505752875 (0.45 -0.028 0.0))
    (0.6033016508254126 (0.45 -0.028 0.0))
    (0.6043021510755378 (0.45 -0.028 0.0))
    (0.6053026513256627 (0.45 -0.028 0.0))
    (0.6063031515757878 (0.45 -0.028 0.0))
    (0.607303651825913 (0.45 -0.028 0.0))
    (0.6083041520760379 (0.45 -0.028 0.0))
    (0.609304652326163 (0.45 -0.028 0.0))
    (0.6103051525762881 (0.45 -0.028 0.0))
    (0.6113056528264131 (0.45 -0.028 0.0))
    (0.6123061530765382 (0.45 -0.028 0.0))
    (0.6133066533266633 (0.45 -0.028 0.0))
    (0.6143071535767883 (0.45 -0.028 0.0))
    (0.6153076538269134 (0.45 -0.028 0.0))
    (0.6163081540770384 (0.45 -0.028 0.0))
    (0.6173086543271635 (0.45 -0.028 0.0))
    (0.6183091545772886 (0.45 -0.028 0.0))
    (0.6193096548274136 (0.45 -0.028 0.0))
    (0.6203101550775387 (0.45 -0.028 0.0))
    (0.6213106553276638 (0.45 -0.028 0.0))
    (0.6223111555777888 (0.45 -0.028 0.0))
    (0.6233116558279139 (0.45 -0.028 0.0))
    (0.624312156078039 (0.45 -0.028 0.0))
    (0.625312656328164 (0.45 -0.028 0.0))
    (0.6263131565782891 (0.45 -0.028 0.0))
    (0.6273136568284141 (0.45 -0.028 0.0))
    (0.6283141570785392 (0.45 -0.028 0.0))
    (0.6293146573286643 (0.45 -0.028 0.0))
    (0.6303151575787893 (0.45 -0.028 0.0))
    (0.6313156578289144 (0.45 -0.028 0.0))
    (0.6323161580790395 (0.45 -0.028 0.0))
    (0.6333166583291645 (0.45 -0.028 0.0))
    (0.6343171585792896 (0.45 -0.028 0.0))
    (0.6353176588294147 (0.45 -0.028 0.0))
    (0.6363181590795397 (0.45 -0.028 0.0))
    (0.6373186593296648 (0.45 -0.028 0.0))
    (0.6383191595797898 (0.45 -0.028 0.0))
    (0.6393196598299149 (0.45 -0.028 0.0))
    (0.64032016008004 (0.45 -0.028 0.0))
    (0.641320660330165 (0.45 -0.028 0.0))
    (0.6423211605802901 (0.45 -0.028 0.0))
    (0.6433216608304152 (0.45 -0.02809728803313731 0.0))
    (0.6443221610805402 (0.45 -0.028306820663022914 0.0))
    (0.6453226613306653 (0.45 -0.028516319612893998 0.0))
    (0.6463231615807904 (0.45 -0.028725761885838894 0.0))
    (0.6473236618309154 (0.45 -0.028935124491167422 0.0))
    (0.6483241620810405 (0.45 -0.029144384446934662 0.0))
    (0.6493246623311655 (0.45 -0.029353518782463544 0.0))
    (0.6503251625812906 (0.45 -0.029562504540866556 0.0))
    (0.6513256628314157 (0.45 -0.02977131878156558 0.0))
    (0.6523261630815407 (0.45 -0.02997993858281017 0.0))
    (0.6533266633316658 (0.45 -0.030188341044193753 0.0))
    (0.6543271635817909 (0.45 -0.030396503289167317 0.0))
    (0.6553276638319159 (0.45 -0.030604402467550647 0.0))
    (0.656328164082041 (0.45 -0.03081201575804067 0.0))
    (0.6573286643321661 (0.45 -0.031019320370716467 0.0))
    (0.6583291645822911 (0.45 -0.031226293549540977 0.0))
    (0.6593296648324162 (0.45 -0.03143291257485904 0.0))
    (0.6603301650825413 (0.45 -0.031639154765891235 0.0))
    (0.6613306653326663 (0.45 -0.0318449974832236 0.0))
    (0.6623311655827914 (0.45 -0.03205041813129288 0.0))
    (0.6633316658329164 (0.45 -0.03225539416086669 0.0))
    (0.6643321660830415 (0.45 -0.03245990307151898 0.0))
    (0.6653326663331666 (0.45 -0.03266392241409973 0.0))
    (0.6663331665832916 (0.45 -0.032867429793199315 0.0))
    (0.6673336668334167 (0.45 -0.03307040286960691 0.0))
    (0.6683341670835418 (0.45 -0.03327281936276259 0.0))
    (0.6693346673336668 (0.45 -0.03347465705320312 0.0))
    (0.6703351675837919 (0.45 -0.0336758937850011 0.0))
    (0.671335667833917 (0.45 -0.03387650746819689 0.0))
    (0.672336168084042 (0.45 -0.03407647608122355 0.0))
    (0.673336668334167 (0.45 -0.03427577767332418 0.0))
    (0.674337168584292 (0.45 -0.034474390366961385 0.0))
    (0.6753376688344171 (0.45 -0.03467229236021891 0.0))
    (0.6763381690845423 (0.45 -0.03486946192919475 0.0))
    (0.6773386693346672 (0.45 -0.03506587743038586 0.0))
    (0.6783391695847923 (0.45 -0.03526151730306403 0.0))
    (0.6793396698349174 (0.45 -0.03545636007164251 0.0))
    (0.6803401700850424 (0.45 -0.03565038434803349 0.0))
    (0.6813406703351675 (0.45 -0.03584356883399592 0.0))
    (0.6823411705852926 (0.45 -0.03603589232347335 0.0))
    (0.6833416708354176 (0.45 -0.036227333704921774 0.0))
    (0.6843421710855427 (0.45 -0.036417871963627134 0.0))
    (0.6853426713356677 (0.45 -0.036607486184012 0.0))
    (0.6863431715857928 (0.45 -0.036796155551931636 0.0))
    (0.6873436718359179 (0.45 -0.03698385935695866 0.0))
    (0.6883441720860429 (0.45 -0.03717057699465651 0.0))
    (0.689344672336168 (0.45 -0.037356287968841245 0.0))
    (0.6903451725862931 (0.45 -0.03754097189383136 0.0))
    (0.6913456728364181 (0.45 -0.037724608496685595 0.0))
    (0.6923461730865432 (0.45 -0.037907177619428314 0.0))
    (0.6933466733366683 (0.45 -0.03808865922126223 0.0))
    (0.6943471735867933 (0.45 -0.03826903338076831 0.0))
    (0.6953476738369184 (0.45 -0.03844828029809264 0.0))
    (0.6963481740870435 (0.45 -0.03862638029711978 0.0))
    (0.6973486743371685 (0.45 -0.03880331382763266 0.0))
    (0.6983491745872936 (0.45 -0.038979061467458706 0.0))
    (0.6993496748374186 (0.45 -0.03915360392460167 0.0))
    (0.7003501750875437 (0.45 -0.03932692203935951 0.0))
    (0.7013506753376688 (0.45 -0.03949899678642744 0.0))
    (0.7023511755877938 (0.45 -0.039669809276986386 0.0))
    (0.7033516758379189 (0.45 -0.03983934076077652 0.0))
    (0.704352176088044 (0.45 -0.04000757262815536 0.0))
    (0.705352676338169 (0.45 -0.04017448641214063 0.0))
    (0.7063531765882941 (0.45 -0.040340063790437454 0.0))
    (0.7073536768384192 (0.45 -0.04050428658744952 0.0))
    (0.7083541770885442 (0.45 -0.040667136776274246 0.0))
    (0.7093546773386693 (0.45 -0.04082859648068173 0.0))
    (0.7103551775887943 (0.45 -0.04098864797707685 0.0))
    (0.7113556778389194 (0.45 -0.04114727369644499 0.0))
    (0.7123561780890445 (0.45 -0.041304456226280456 0.0))
    (0.7133566783391695 (0.45 -0.04146017831249793 0.0))
    (0.7143571785892946 (0.45 -0.04161442286132653 0.0))
    (0.7153576788394197 (0.45 -0.041767172941186086 0.0))
    (0.7163581790895447 (0.45 -0.041918411784545806 0.0))
    (0.7173586793396698 (0.45 -0.0420681227897649 0.0))
    (0.7183591795897949 (0.45 -0.04221628952291486 0.0))
    (0.7193596798399199 (0.45 -0.042362895719583515 0.0))
    (0.720360180090045 (0.45 -0.04250792528666038 0.0))
    (0.72136068034017 (0.45 -0.04265136230410314 0.0))
    (0.7223611805902951 (0.45 -0.04279319102668533 0.0))
    (0.7233616808404202 (0.45 -0.04293339588572459 0.0))
    (0.7243621810905452 (0.45 -0.043071961490791705 0.0))
    (0.7253626813406703 (0.45 -0.04320887263140008 0.0))
    (0.7263631815907954 (0.45 -0.0433441142786753 0.0))
    (0.7273636818409204 (0.45 -0.043477671587004926 0.0))
    (0.7283641820910455 (0.45 -0.043609529895668145 0.0))
    (0.7293646823411706 (0.45 -0.04373967473044503 0.0))
    (0.7303651825912956 (0.45 -0.0438680918052054 0.0))
    (0.7313656828414207 (0.45 -0.0439947670234771 0.0))
    (0.7323661830915458 (0.45 -0.04411968647999326 0.0))
    (0.7333666833416708 (0.45 -0.04424283646221876 0.0))
    (0.7343671835917959 (0.45 -0.0443642034518555 0.0))
    (0.7353676838419209 (0.45 -0.04448377412632626 0.0))
    (0.736368184092046 (0.45 -0.04460153536023716 0.0))
    (0.7373686843421711 (0.45 -0.04471747422681841 0.0))
    (0.7383691845922961 (0.45 -0.044831577999343356 0.0))
    (0.7393696848424212 (0.45 -0.04494383415252549 0.0))
    (0.7403701850925463 (0.45 -0.0450542303638933 0.0))
    (0.7413706853426713 (0.45 -0.045162754515143 0.0))
    (0.7423711855927964 (0.45 -0.04526939469346873 0.0))
    (0.7433716858429215 (0.45 -0.045374139192870255 0.0))
    (0.7443721860930465 (0.45 -0.045476976515437896 0.0))
    (0.7453726863431716 (0.45 -0.045577895372614766 0.0))
    (0.7463731865932965 (0.45 -0.04567688468643579 0.0))
    (0.7473736868434216 (0.45 -0.0457739335907439 0.0))
    (0.7483741870935467 (0.45 -0.045869031432382676 0.0))
    (0.7493746873436717 (0.45 -0.04596216777236584 0.0))
    (0.7503751875937968 (0.45 -0.046053332387023166 0.0))
    (0.751375687843922 (0.45 -0.046142515269122664 0.0))
    (0.7523761880940469 (0.45 -0.046229706628969164 0.0))
    (0.753376688344172 (0.45 -0.046314896895478894 0.0))
    (0.7543771885942971 (0.45 -0.046398076717230126 0.0))
    (0.7553776888444221 (0.45 -0.04647923696348968 0.0))
    (0.7563781890945472 (0.45 -0.04655836872521524 0.0))
    (0.7573786893446722 (0.45 -0.04663546331603327 0.0))
    (0.7583791895947973 (0.45 -0.04671051227319255 0.0))
    (0.7593796898449224 (0.45 -0.04678350735849315 0.0))
    (0.7603801900950474 (0.45 -0.04685444055919069 0.0))
    (0.7613806903451725 (0.45 -0.04692330408887602 0.0))
    (0.7623811905952976 (0.45 -0.04699009038832979 0.0))
    (0.7633816908454226 (0.45 -0.04705479212635236 0.0))
    (0.7643821910955477 (0.45 -0.047117402200568516 0.0))
    (0.7653826913456728 (0.45 -0.04717791373820707 0.0))
    (0.7663831915957978 (0.45 -0.04723632009685531 0.0))
    (0.7673836918459229 (0.45 -0.04729261486518818 0.0))
    (0.7683841920960479 (0.45 -0.04734679186367202 0.0))
    (0.769384692346173 (0.45 -0.04739884514524291 0.0))
    (0.7703851925962981 (0.45 -0.047448768995959456 0.0))
    (0.7713856928464231 (0.45 -0.047496557935630075 0.0))
    (0.7723861930965482 (0.45 -0.047542206718414526 0.0))
    (0.7733866933466733 (0.45 -0.04758571033339974 0.0))
    (0.7743871935967983 (0.45 -0.04762706400514989 0.0))
    (0.7753876938469234 (0.45 -0.047666263194230604 0.0))
    (0.7763881940970485 (0.45 -0.04770330359770725 0.0))
    (0.7773886943471735 (0.45 -0.047738181149617254 0.0))
    (0.7783891945972986 (0.45 -0.04777089202141649 0.0))
    (0.7793896948474237 (0.45 -0.04780143262239944 0.0))
    (0.7803901950975487 (0.45 -0.04782979960009345 0.0))
    (0.7813906953476738 (0.45 -0.0478559898406267 0.0))
    (0.7823911955977988 (0.45 -0.04788000046906998 0.0))
    (0.7833916958479239 (0.45 -0.04790182884975233 0.0))
    (0.784392196098049 (0.45 -0.04792147258655031 0.0))
    (0.785392696348174 (0.45 -0.04793892952315106 0.0))
    (0.7863931965982991 (0.45 -0.047954197743289004 0.0))
    (0.7873936968484242 (0.45 -0.04796727557095616 0.0))
    (0.7883941970985492 (0.45 -0.04797816157058617 0.0))
    (0.7893946973486743 (0.45 -0.04798685454721183 0.0))
    (0.7903951975987994 (0.45 -0.0479933535465963 0.0))
    (0.7913956978489244 (0.45 -0.047997657855337855 0.0))
    (0.7923961980990495 (0.45 -0.04799976700094817 0.0))
    (0.7933966983491745 (0.45 -0.047999680751904195 0.0))
    (0.7943971985992996 (0.45 -0.04799739911767356 0.0))
    (0.7953976988494247 (0.45 -0.04799292234871359 0.0))
    (0.7963981990995497 (0.45 -0.04798625093644373 0.0))
    (0.7973986993496748 (0.45 -0.04797738561319165 0.0))
    (0.7983991995997999 (0.45 -0.04796632735211284 0.0))
    (0.7993996998499249 (0.45 -0.04795307736708383 0.0))
    (0.80040020010005 (0.45 -0.04793763711256886 0.0))
    (0.8014007003501751 (0.45 -0.047920008283460304 0.0))
    (0.8024012006003001 (0.45 -0.04790019281489255 0.0))
    (0.8034017008504252 (0.45 -0.04787819288202963 0.0))
    (0.8044022011005502 (0.45 -0.04785401089982643 0.0))
    (0.8054027013506753 (0.45 -0.047827649522763596 0.0))
    (0.8064032016008004 (0.45 -0.04779911164455616 0.0))
    (0.8074037018509254 (0.45 -0.04776840039783587 0.0))
    (0.8084042021010505 (0.45 -0.04773551915380735 0.0))
    (0.8094047023511756 (0.45 -0.04770047152187802 0.0))
    (0.8104052026013006 (0.45 -0.04766326134926189 0.0))
    (0.8114057028514257 (0.45 -0.04762389272055724 0.0))
    (0.8124062031015508 (0.45 -0.04758236995729827 0.0))
    (0.8134067033516758 (0.45 -0.0475386976174807 0.0))
    (0.8144072036018009 (0.45 -0.04749288049506146 0.0))
    (0.815407703851926 (0.45 -0.04744492361943241 0.0))
    (0.816408204102051 (0.45 -0.04739483225486832 0.0))
    (0.817408704352176 (0.45 -0.047342611899948914 0.0))
    (0.818409204602301 (0.45 -0.04728826828695541 0.0))
    (0.8194097048524261 (0.45 -0.04723180738124115 0.0))
    (0.8204102051025512 (0.45 -0.04717323538057688 0.0))
    (0.8214107053526762 (0.45 -0.047112558714470364 0.0))
    (0.8224112056028013 (0.45 -0.04704978404346061 0.0))
    (0.8234117058529264 (0.45 -0.04698491825838674 0.0))
    (0.8244122061030514 (0.45 -0.04691796847963163 0.0))
    (0.8254127063531765 (0.45 -0.04684894205634019 0.0))
    (0.8264132066033016 (0.45 -0.046777846565612735 0.0))
    (0.8274137068534266 (0.45 -0.04670468981167321 0.0))
    (0.8284142071035517 (0.45 -0.046629479825012476 0.0))
    (0.8294147073536767 (0.45 -0.04655222486150686 0.0))
    (0.8304152076038018 (0.45 -0.046472933401511846 0.0))
    (0.8314157078539269 (0.45 -0.0463916141489312 0.0))
    (0.8324162081040519 (0.45 -0.04630827603026155 0.0))
    (0.833416708354177 (0.45 -0.04622292819361248 0.0))
    (0.8344172086043021 (0.45 -0.046135580007702334 0.0))
    (0.8354177088544271 (0.45 -0.046046241060829864 0.0))
    (0.8364182091045522 (0.45 -0.04595492115982161 0.0))
    (0.8374187093546773 (0.45 -0.04586163032895549 0.0))
    (0.8384192096048023 (0.45 -0.04576637880886039 0.0))
    (0.8394197098549274 (0.45 -0.04566917705539201 0.0))
    (0.8404202101050524 (0.45 -0.04557003573848514 0.0))
    (0.8414207103551775 (0.45 -0.04546896574098244 0.0))
    (0.8424212106053026 (0.45 -0.04536597815743977 0.0))
    (0.8434217108554276 (0.45 -0.04526108429290834 0.0))
    (0.8444222111055527 (0.45 -0.04515429566169378 0.0))
    (0.8454227113556778 (0.45 -0.04504562398609214 0.0))
    (0.8464232116058028 (0.45 -0.044935081195103206 0.0))
    (0.8474237118559279 (0.45 -0.04482267942312093 0.0))
    (0.848424212106053 (0.45 -0.04470843100860154 0.0))
    (0.849424712356178 (0.45 -0.04459234849270907 0.0))
    (0.8504252126063031 (0.45 -0.0444744446179387 0.0))
    (0.8514257128564282 (0.45 -0.04435473232671802 0.0))
    (0.8524262131065532 (0.45 -0.04423322475998637 0.0))
    (0.8534267133566783 (0.45 -0.044109935255752214 0.0))
    (0.8544272136068033 (0.45 -0.04398487734762918 0.0))
    (0.8554277138569284 (0.45 -0.043858064763350316 0.0))
    (0.8564282141070535 (0.45 -0.04372951142326128 0.0))
    (0.8574287143571785 (0.45 -0.04359923143879227 0.0))
    (0.8584292146073036 (0.45 -0.04346723911090894 0.0))
    (0.8594297148574287 (0.45 -0.04333354892854265 0.0))
    (0.8604302151075537 (0.45 -0.043198175566999966 0.0))
    (0.8614307153576788 (0.45 -0.043061133886351695 0.0))
    (0.8624312156078039 (0.45 -0.04292243892980175 0.0))
    (0.8634317158579289 (0.45 -0.04278210592203583 0.0))
    (0.864432216108054 (0.45 -0.042640150267550116 0.0))
    (0.865432716358179 (0.45 -0.04249658754896042 0.0))
    (0.8664332166083041 (0.45 -0.04235143352529157 0.0))
    (0.8674337168584292 (0.45 -0.042204704130247565 0.0))
    (0.8684342171085542 (0.45 -0.04205641547046256 0.0))
    (0.8694347173586793 (0.45 -0.04190658382373269 0.0))
    (0.8704352176088044 (0.45 -0.0417552256372294 0.0))
    (0.8714357178589294 (0.45 -0.04160235752569394 0.0))
    (0.8724362181090545 (0.45 -0.04144799626961353 0.0))
    (0.8734367183591796 (0.45 -0.04129215881337939 0.0))
    (0.8744372186093046 (0.45 -0.04113486226342675 0.0))
    (0.8754377188594297 (0.45 -0.04097612388635697 0.0))
    (0.8764382191095547 (0.45 -0.040815961107042324 0.0))
    (0.8774387193596798 (0.45 -0.04065439150671306 0.0))
    (0.8784392196098049 (0.45 -0.04049143282102765 0.0))
    (0.8794397198599299 (0.45 -0.04032710293812589 0.0))
    (0.880440220110055 (0.45 -0.040161419896665225 0.0))
    (0.8814407203601801 (0.45 -0.03999440188384072 0.0))
    (0.882441220610305 (0.45 -0.03982606723338861 0.0))
    (0.8834417208604302 (0.45 -0.03965643442357371 0.0))
    (0.8844422211105553 (0.45 -0.039485522075161164 0.0))
    (0.8854427213606803 (0.45 -0.03931334894937236 0.0))
    (0.8864432216108054 (0.45 -0.03913993394582545 0.0))
    (0.8874437218609305 (0.45 -0.03896529610046079 0.0))
    (0.8884442221110554 (0.45 -0.038789454583451344 0.0))
    (0.8894447223611806 (0.45 -0.038612428697098286 0.0))
    (0.8904452226113055 (0.45 -0.038434237873712244 0.0))
    (0.8914457228614306 (0.45 -0.03825490167348013 0.0))
    (0.8924462231115557 (0.45 -0.038074439782318045 0.0))
    (0.8934467233616807 (0.45 -0.037892872009710366 0.0))
    (0.8944472236118058 (0.45 -0.037710218286535105 0.0))
    (0.8954477238619309 (0.45 -0.037526498662876245 0.0))
    (0.8964482241120559 (0.45 -0.03734173330582272 0.0))
    (0.897448724362181 (0.45 -0.03715594249725465 0.0))
    (0.8984492246123061 (0.45 -0.036969146631617045 0.0))
    (0.8994497248624311 (0.45 -0.03678136621368104 0.0))
    (0.9004502251125562 (0.45 -0.03659262185629302 0.0))
    (0.9014507253626812 (0.45 -0.03640293427811206 0.0))
    (0.9024512256128063 (0.45 -0.03621232430133546 0.0))
    (0.9034517258629314 (0.45 -0.03602081284941319 0.0))
    (0.9044522261130564 (0.45 -0.03582842094475107 0.0))
    (0.9054527263631815 (0.45 -0.035635169706403055 0.0))
    (0.9064532266133066 (0.45 -0.03544108034775307 0.0))
    (0.9074537268634316 (0.45 -0.03524617417418638 0.0))
    (0.9084542271135567 (0.45 -0.03505047258075075 0.0))
    (0.9094547273636818 (0.45 -0.0348539970498081 0.0))
    (0.9104552276138068 (0.45 -0.03465676914867619 0.0))
    (0.9114557278639319 (0.45 -0.03445881052726123 0.0))
    (0.9124562281140569 (0.45 -0.034260142915681344 0.0))
    (0.913456728364182 (0.45 -0.034060788121881194 0.0))
    (0.9144572286143071 (0.45 -0.03386076802923817 0.0))
    (0.9154577288644321 (0.45 -0.03366010459416018 0.0))
    (0.9164582291145572 (0.45 -0.033458819843675436 0.0))
    (0.9174587293646823 (0.45 -0.03325693587301463 0.0))
    (0.9184592296148073 (0.45 -0.03305447484318545 0.0))
    (0.9194597298649324 (0.45 -0.0328514589785399 0.0))
    (0.9204602301150575 (0.45 -0.03264791056433483 0.0))
    (0.9214607303651825 (0.45 -0.03244385194428558 0.0))
    (0.9224612306153076 (0.45 -0.03223930551811324 0.0))
    (0.9234617308654326 (0.45 -0.03203429373908597 0.0))
    (0.9244622311155577 (0.45 -0.031828839111554076 0.0))
    (0.9254627313656828 (0.45 -0.03162296418847988 0.0))
    (0.9264632316158078 (0.45 -0.03141669156896195 0.0))
    (0.9274637318659329 (0.45 -0.031210043895754352 0.0))
    (0.928464232116058 (0.45 -0.031003043852781225 0.0))
    (0.929464732366183 (0.45 -0.0307957141626467 0.0))
    (0.9304652326163081 (0.45 -0.030588077584140533 0.0))
    (0.9314657328664332 (0.45 -0.030380156909740007 0.0))
    (0.9324662331165582 (0.45 -0.0301719749631079 0.0))
    (0.9334667333666833 (0.45 -0.02996355459658702 0.0))
    (0.9344672336168084 (0.45 -0.029754918688691855 0.0))
    (0.9354677338669334 (0.45 -0.02954609014159708 0.0))
    (0.9364682341170585 (0.45 -0.029337091878623506 0.0))
    (0.9374687343671835 (0.45 -0.02912794684172192 0.0))
    (0.9384692346173086 (0.45 -0.028918677988954526 0.0))
    (0.9394697348674337 (0.45 -0.028709308291975003 0.0))
    (0.9404702351175587 (0.45 -0.028499860733506795 0.0))
    (0.9414707353676838 (0.45 -0.02829035830482022 0.0))
    (0.9424712356178089 (0.45 -0.028080824003208816 0.0))
    (0.9434717358679339 (0.45 -0.028 0.0))
    (0.944472236118059 (0.45 -0.028 0.0))
    (0.9454727363681841 (0.45 -0.028 0.0))
    (0.9464732366183091 (0.45 -0.028 0.0))
    (0.9474737368684342 (0.45 -0.028 0.0))
    (0.9484742371185592 (0.45 -0.028 0.0))
    (0.9494747373686843 (0.45 -0.028 0.0))
    (0.9504752376188094 (0.45 -0.028 0.0))
    (0.9514757378689344 (0.45 -0.028 0.0))
    (0.9524762381190595 (0.45 -0.028 0.0))
    (0.9534767383691846 (0.45 -0.028 0.0))
    (0.9544772386193096 (0.45 -0.028 0.0))
    (0.9554777388694347 (0.45 -0.028 0.0))
    (0.9564782391195598 (0.45 -0.028 0.0))
    (0.9574787393696848 (0.45 -0.028 0.0))
    (0.9584792396198099 (0.45 -0.028 0.0))
    (0.9594797398699348 (0.45 -0.028 0.0))
    (0.96048024012006 (0.45 -0.028 0.0))
    (0.961480740370185 (0.45 -0.028 0.0))
    (0.96248124062031 (0.45 -0.028 0.0))
    (0.9634817408704351 (0.45 -0.028 0.0))
    (0.9644822411205602 (0.45 -0.028 0.0))
    (0.9654827413706852 (0.45 -0.028 0.0))
    (0.9664832416208103 (0.45 -0.028 0.0))
    (0.9674837418709354 (0.45 -0.028 0.0))
    (0.9684842421210604 (0.45 -0.028 0.0))
    (0.9694847423711855 (0.45 -0.028 0.0))
    (0.9704852426213106 (0.45 -0.028 0.0))
    (0.9714857428714356 (0.45 -0.028 0.0))
    (0.9724862431215607 (0.45 -0.028 0.0))
    (0.9734867433716857 (0.45 -0.028 0.0))
    (0.9744872436218108 (0.45 -0.028 0.0))
    (0.9754877438719359 (0.45 -0.028 0.0))
    (0.9764882441220609 (0.45 -0.028 0.0))
    (0.977488744372186 (0.45 -0.028 0.0))
    (0.9784892446223111 (0.45 -0.028 0.0))
    (0.9794897448724361 (0.45 -0.028 0.0))
    (0.9804902451225612 (0.45 -0.028 0.0))
    (0.9814907453726863 (0.45 -0.028 0.0))
    (0.9824912456228113 (0.45 -0.028 0.0))
    (0.9834917458729364 (0.45 -0.028 0.0))
    (0.9844922461230614 (0.45 -0.028 0.0))
    (0.9854927463731865 (0.45 -0.028 0.0))
    (0.9864932466233116 (0.45 -0.028 0.0))
    (0.9874937468734366 (0.45 -0.028 0.0))
    (0.9884942471235617 (0.45 -0.028 0.0))
    (0.9894947473736868 (0.45 -0.028 0.0))
    (0.9904952476238118 (0.45 -0.028 0.0))
    (0.9914957478739369 (0.45 -0.028 0.0))
    (0.992496248124062 (0.45 -0.028 0.0))
    (0.993496748374187 (0.45 -0.028 0.0))
    (0.9944972486243121 (0.45 -0.028 0.0))
    (0.9954977488744371 (0.45 -0.028 0.0))
    (0.9964982491245622 (0.45 -0.028 0.0))
    (0.9974987493746873 (0.45 -0.028 0.0))
    (0.9984992496248123 (0.45 -0.028 0.0))
    (0.9994997498749374 (0.45 -0.028 0.0))
    (1.0005002501250624 (0.45 -0.028 0.0))
    (1.0015007503751876 (0.45 -0.028 0.0))
    (1.0025012506253126 (0.45 -0.028 0.0))
    (1.0035017508754376 (0.45 -0.028 0.0))
    (1.0045022511255628 (0.45 -0.028 0.0))
    (1.0055027513756878 (0.45 -0.028 0.0))
    (1.0065032516258128 (0.45 -0.028 0.0))
    (1.007503751875938 (0.45 -0.028 0.0))
    (1.008504252126063 (0.45 -0.028 0.0))
    (1.009504752376188 (0.45 -0.028 0.0))
    (1.0105052526263132 (0.45 -0.028 0.0))
    (1.0115057528764382 (0.45 -0.028 0.0))
    (1.0125062531265632 (0.45 -0.028 0.0))
    (1.0135067533766882 (0.45 -0.028 0.0))
    (1.0145072536268134 (0.45 -0.028 0.0))
    (1.0155077538769384 (0.45 -0.028 0.0))
    (1.0165082541270634 (0.45 -0.028 0.0))
    (1.0175087543771886 (0.45 -0.028 0.0))
    (1.0185092546273136 (0.45 -0.028 0.0))
    (1.0195097548774386 (0.45 -0.028 0.0))
    (1.0205102551275638 (0.45 -0.028 0.0))
    (1.0215107553776888 (0.45 -0.028 0.0))
    (1.0225112556278138 (0.45 -0.028 0.0))
    (1.023511755877939 (0.45 -0.028 0.0))
    (1.024512256128064 (0.45 -0.028 0.0))
    (1.025512756378189 (0.45 -0.028 0.0))
    (1.0265132566283142 (0.45 -0.028 0.0))
    (1.0275137568784392 (0.45 -0.028 0.0))
    (1.0285142571285641 (0.45 -0.028 0.0))
    (1.0295147573786894 (0.45 -0.028 0.0))
    (1.0305152576288144 (0.45 -0.028 0.0))
    (1.0315157578789393 (0.45 -0.028 0.0))
    (1.0325162581290646 (0.45 -0.028 0.0))
    (1.0335167583791895 (0.45 -0.028 0.0))
    (1.0345172586293145 (0.45 -0.028 0.0))
    (1.0355177588794398 (0.45 -0.028 0.0))
    (1.0365182591295647 (0.45 -0.028 0.0))
    (1.0375187593796897 (0.45 -0.028 0.0))
    (1.0385192596298147 (0.45 -0.028 0.0))
    (1.03951975987994 (0.45 -0.028 0.0))
    (1.040520260130065 (0.45 -0.028 0.0))
    (1.04152076038019 (0.45 -0.028 0.0))
    (1.0425212606303151 (0.45 -0.028 0.0))
    (1.0435217608804401 (0.45 -0.028 0.0))
    (1.0445222611305651 (0.45 -0.028 0.0))
    (1.0455227613806903 (0.45 -0.028 0.0))
    (1.0465232616308153 (0.45 -0.028 0.0))
    (1.0475237618809403 (0.45 -0.028 0.0))
    (1.0485242621310655 (0.45 -0.028 0.0))
    (1.0495247623811905 (0.45 -0.028 0.0))
    (1.0505252626313155 (0.45 -0.028 0.0))
    (1.0515257628814407 (0.45 -0.028 0.0))
    (1.0525262631315657 (0.45 -0.028 0.0))
    (1.0535267633816907 (0.45 -0.028 0.0))
    (1.054527263631816 (0.45 -0.028 0.0))
    (1.055527763881941 (0.45 -0.028 0.0))
    (1.056528264132066 (0.45 -0.028 0.0))
    (1.0575287643821911 (0.45 -0.028 0.0))
    (1.0585292646323161 (0.45 -0.028 0.0))
    (1.059529764882441 (0.45 -0.028 0.0))
    (1.060530265132566 (0.45 -0.028 0.0))
    (1.0615307653826913 (0.45 -0.028 0.0))
    (1.0625312656328163 (0.45 -0.028 0.0))
    (1.0635317658829413 (0.45 -0.028 0.0))
    (1.0645322661330665 (0.45 -0.028 0.0))
    (1.0655327663831915 (0.45 -0.028 0.0))
    (1.0665332666333165 (0.45 -0.028 0.0))
    (1.0675337668834417 (0.45 -0.028 0.0))
    (1.0685342671335667 (0.45 -0.028 0.0))
    (1.0695347673836917 (0.45 -0.028 0.0))
    (1.070535267633817 (0.45 -0.028 0.0))
    (1.071535767883942 (0.45 -0.028 0.0))
    (1.0725362681340669 (0.45 -0.028 0.0))
    (1.073536768384192 (0.45 -0.028 0.0))
    (1.074537268634317 (0.45 -0.028 0.0))
    (1.075537768884442 (0.45 -0.028 0.0))
    (1.0765382691345673 (0.45 -0.028 0.0))
    (1.0775387693846923 (0.45 -0.028 0.0))
    (1.0785392696348173 (0.45 -0.028 0.0))
    (1.0795397698849425 (0.45 -0.028 0.0))
    (1.0805402701350675 (0.45 -0.028 0.0))
    (1.0815407703851925 (0.45 -0.028 0.0))
    (1.0825412706353177 (0.45 -0.028 0.0))
    (1.0835417708854427 (0.45 -0.028 0.0))
    (1.0845422711355677 (0.45 -0.028 0.0))
    (1.0855427713856927 (0.45 -0.028 0.0))
    (1.0865432716358179 (0.45 -0.028 0.0))
    (1.0875437718859429 (0.45 -0.028 0.0))
    (1.0885442721360679 (0.45 -0.028 0.0))
    (1.089544772386193 (0.45 -0.028 0.0))
    (1.090545272636318 (0.45 -0.028 0.0))
    (1.091545772886443 (0.45 -0.028 0.0))
    (1.0925462731365683 (0.45 -0.028 0.0))
    (1.0935467733866933 (0.45 -0.028 0.0))
    (1.0945472736368183 (0.45 -0.028 0.0))
    (1.0955477738869435 (0.45 -0.028 0.0))
    (1.0965482741370685 (0.45 -0.028 0.0))
    (1.0975487743871934 (0.45 -0.028 0.0))
    (1.0985492746373187 (0.45 -0.028 0.0))
    (1.0995497748874437 (0.45 -0.028 0.0))
    (1.1005502751375686 (0.45 -0.028 0.0))
    (1.1015507753876939 (0.45 -0.028 0.0))
    (1.1025512756378189 (0.45 -0.028 0.0))
    (1.1035517758879438 (0.45 -0.028 0.0))
    (1.104552276138069 (0.45 -0.028 0.0))
    (1.105552776388194 (0.45 -0.028 0.0))
    (1.106553276638319 (0.45 -0.028 0.0))
    (1.1075537768884443 (0.45 -0.028 0.0))
    (1.1085542771385692 (0.45 -0.028 0.0))
    (1.1095547773886942 (0.45 -0.028 0.0))
    (1.1105552776388192 (0.45 -0.028 0.0))
    (1.1115557778889444 (0.45 -0.028 0.0))
    (1.1125562781390694 (0.45 -0.028 0.0))
    (1.1135567783891944 (0.45 -0.028 0.0))
    (1.1145572786393196 (0.45 -0.028 0.0))
    (1.1155577788894446 (0.45 -0.028 0.0))
    (1.1165582791395696 (0.45 -0.028 0.0))
    (1.1175587793896948 (0.45 -0.028 0.0))
    (1.1185592796398198 (0.45 -0.028 0.0))
    (1.1195597798899448 (0.45 -0.028 0.0))
    (1.12056028014007 (0.45 -0.028 0.0))
    (1.121560780390195 (0.45 -0.028 0.0))
    (1.12256128064032 (0.45 -0.028 0.0))
    (1.1235617808904452 (0.45 -0.028 0.0))
    (1.1245622811405702 (0.45 -0.028 0.0))
    (1.1255627813906952 (0.45 -0.028 0.0))
    (1.1265632816408204 (0.45 -0.028 0.0))
    (1.1275637818909454 (0.45 -0.028 0.0))
    (1.1285642821410704 (0.45 -0.028 0.0))
    (1.1295647823911956 (0.45 -0.028 0.0))
    (1.1305652826413206 (0.45 -0.028 0.0))
    (1.1315657828914456 (0.45 -0.028 0.0))
    (1.1325662831415706 (0.45 -0.028 0.0))
    (1.1335667833916958 (0.45 -0.028 0.0))
    (1.1345672836418208 (0.45 -0.028 0.0))
    (1.1355677838919458 (0.45 -0.028 0.0))
    (1.136568284142071 (0.45 -0.028 0.0))
    (1.137568784392196 (0.45 -0.028 0.0))
    (1.138569284642321 (0.45 -0.028 0.0))
    (1.1395697848924462 (0.45 -0.028 0.0))
    (1.1405702851425712 (0.45 -0.028 0.0))
    (1.1415707853926962 (0.45 -0.028 0.0))
    (1.1425712856428214 (0.45 -0.028 0.0))
    (1.1435717858929464 (0.45 -0.028 0.0))
    (1.1445722861430714 (0.45 -0.028 0.0))
    (1.1455727863931966 (0.45 -0.028 0.0))
    (1.1465732866433216 (0.45 -0.028 0.0))
    (1.1475737868934466 (0.45 -0.028 0.0))
    (1.1485742871435718 (0.45 -0.028 0.0))
    (1.1495747873936968 (0.45 -0.028 0.0))
    (1.1505752876438218 (0.45 -0.028 0.0))
    (1.151575787893947 (0.45 -0.028 0.0))
    (1.152576288144072 (0.45 -0.028 0.0))
    (1.153576788394197 (0.45 -0.028 0.0))
    (1.1545772886443222 (0.45 -0.028 0.0))
    (1.1555777888944472 (0.45 -0.028 0.0))
    (1.1565782891445722 (0.45 -0.028 0.0))
    (1.1575787893946972 (0.45 -0.028 0.0))
    (1.1585792896448224 (0.45 -0.028 0.0))
    (1.1595797898949474 (0.45 -0.028 0.0))
    (1.1605802901450724 (0.45 -0.028 0.0))
    (1.1615807903951976 (0.45 -0.028 0.0))
    (1.1625812906453226 (0.45 -0.028 0.0))
    (1.1635817908954476 (0.45 -0.028 0.0))
    (1.1645822911455728 (0.45 -0.028 0.0))
    (1.1655827913956978 (0.45 -0.028 0.0))
    (1.1665832916458228 (0.45 -0.028 0.0))
    (1.167583791895948 (0.45 -0.028 0.0))
    (1.168584292146073 (0.45 -0.028 0.0))
    (1.169584792396198 (0.45 -0.028 0.0))
    (1.1705852926463232 (0.45 -0.028 0.0))
    (1.1715857928964482 (0.45 -0.028 0.0))
    (1.1725862931465731 (0.45 -0.028 0.0))
    (1.1735867933966984 (0.45 -0.028 0.0))
    (1.1745872936468233 (0.45 -0.028 0.0))
    (1.1755877938969483 (0.45 -0.028 0.0))
    (1.1765882941470736 (0.45 -0.028 0.0))
    (1.1775887943971985 (0.45 -0.028 0.0))
    (1.1785892946473235 (0.45 -0.028 0.0))
    (1.1795897948974485 (0.45 -0.028 0.0))
    (1.1805902951475737 (0.45 -0.028 0.0))
    (1.1815907953976987 (0.45 -0.028 0.0))
    (1.1825912956478237 (0.45 -0.028 0.0))
    (1.183591795897949 (0.45 -0.028 0.0))
    (1.184592296148074 (0.45 -0.028 0.0))
    (1.185592796398199 (0.45 -0.028 0.0))
    (1.1865932966483241 (0.45 -0.028 0.0))
    (1.1875937968984491 (0.45 -0.028 0.0))
    (1.1885942971485741 (0.45 -0.028 0.0))
    (1.1895947973986993 (0.45 -0.028 0.0))
    (1.1905952976488243 (0.45 -0.028 0.0))
    (1.1915957978989493 (0.45 -0.028 0.0))
    (1.1925962981490745 (0.45 -0.028 0.0))
    (1.1935967983991995 (0.45 -0.028 0.0))
    (1.1945972986493245 (0.45 -0.028 0.0))
    (1.1955977988994497 (0.45 -0.028 0.0))
    (1.1965982991495747 (0.45 -0.028 0.0))
    (1.1975987993996997 (0.45 -0.028 0.0))
    (1.198599299649825 (0.45 -0.028 0.0))
    (1.19959979989995 (0.45 -0.028 0.0))
    (1.200600300150075 (0.45 -0.028 0.0))
    (1.2016008004002001 (0.45 -0.028 0.0))
    (1.2026013006503251 (0.45 -0.028 0.0))
    (1.20360180090045 (0.45 -0.028 0.0))
    (1.204602301150575 (0.45 -0.028 0.0))
    (1.2056028014007003 (0.45 -0.028 0.0))
    (1.2066033016508253 (0.45 -0.028 0.0))
    (1.2076038019009503 (0.45 -0.028 0.0))
    (1.2086043021510755 (0.45 -0.028 0.0))
    (1.2096048024012005 (0.45 -0.028 0.0))
    (1.2106053026513255 (0.45 -0.028 0.0))
    (1.2116058029014507 (0.45 -0.028 0.0))
    (1.2126063031515757 (0.45 -0.028 0.0))
    (1.2136068034017007 (0.45 -0.028 0.0))
    (1.214607303651826 (0.45 -0.028 0.0))
    (1.215607803901951 (0.45 -0.028 0.0))
    (1.2166083041520759 (0.45 -0.028 0.0))
    (1.217608804402201 (0.45 -0.028 0.0))
    (1.218609304652326 (0.45 -0.028 0.0))
    (1.219609804902451 (0.45 -0.028 0.0))
    (1.2206103051525763 (0.45 -0.028 0.0))
    (1.2216108054027013 (0.45 -0.028 0.0))
    (1.2226113056528263 (0.45 -0.028 0.0))
    (1.2236118059029515 (0.45 -0.028 0.0))
    (1.2246123061530765 (0.45 -0.028 0.0))
    (1.2256128064032015 (0.45 -0.028 0.0))
    (1.2266133066533267 (0.45 -0.028 0.0))
    (1.2276138069034517 (0.45 -0.028 0.0))
    (1.2286143071535767 (0.45 -0.028 0.0))
    (1.2296148074037017 (0.45 -0.028 0.0))
    (1.2306153076538269 (0.45 -0.028 0.0))
    (1.2316158079039519 (0.45 -0.028 0.0))
    (1.2326163081540769 (0.45 -0.028 0.0))
    (1.233616808404202 (0.45 -0.028 0.0))
    (1.234617308654327 (0.45 -0.028 0.0))
    (1.235617808904452 (0.45 -0.028 0.0))
    (1.2366183091545773 (0.45 -0.028 0.0))
    (1.2376188094047023 (0.45 -0.028 0.0))
    (1.2386193096548272 (0.45 -0.028 0.0))
    (1.2396198099049525 (0.45 -0.028 0.0))
    (1.2406203101550775 (0.45 -0.028 0.0))
    (1.2416208104052024 (0.45 -0.028 0.0))
    (1.2426213106553277 (0.45 -0.028 0.0))
    (1.2436218109054527 (0.45 -0.028160149990013428 0.0))
    (1.2446223111555776 (0.45 -0.028369674930839184 0.0))
    (1.2456228114057029 (0.45 -0.028579159292073896 0.0))
    (1.2466233116558278 (0.45 -0.02878858007840722 0.0))
    (1.2476238119059528 (0.45 -0.028997914301507652 0.0))
    (1.248624312156078 (0.45 -0.02920713898254583 0.0))
    (1.249624812406203 (0.45 -0.02941623115471677 0.0))
    (1.250625312656328 (0.45 -0.029625167865761283 0.0))
    (1.251625812906453 (0.45 -0.02983392618048524 0.0))
    (1.2526263131565782 (0.45 -0.030042483183277333 0.0))
    (1.2536268134067032 (0.45 -0.030250815980624284 0.0))
    (1.2546273136568282 (0.45 -0.030458901703624267 0.0))
    (1.2556278139069534 (0.45 -0.030666717510496978 0.0))
    (1.2566283141570784 (0.45 -0.030874240589091047 0.0))
    (1.2576288144072034 (0.45 -0.031081448159388222 0.0))
    (1.2586293146573286 (0.45 -0.03128831747600398 0.0))
    (1.2596298149074536 (0.45 -0.031494825830684074 0.0))
    (1.2606303151575786 (0.45 -0.031700950554797575 0.0))
    (1.2616308154077038 (0.45 -0.03190666902182506 0.0))
    (1.2626313156578288 (0.45 -0.03211195864984221 0.0))
    (1.2636318159079538 (0.45 -0.03231679690399895 0.0))
    (1.264632316158079 (0.45 -0.03252116129899296 0.0))
    (1.265632816408204 (0.45 -0.0327250294015378 0.0))
    (1.266633316658329 (0.45 -0.032928378832825664 0.0))
    (1.2676338169084542 (0.45 -0.03313118727098384 0.0))
    (1.2686343171585792 (0.45 -0.03333343245352481 0.0))
    (1.2696348174087042 (0.45 -0.03353509217979038 0.0))
    (1.2706353176588294 (0.45 -0.03373614431338844 0.0))
    (1.2716358179089544 (0.45 -0.033936566784622826 0.0))
    (1.2726363181590794 (0.45 -0.0341363375929162 0.0))
    (1.2736368184092046 (0.45 -0.034335434809224845 0.0))
    (1.2746373186593296 (0.45 -0.034533836578445914 0.0))
    (1.2756378189094546 (0.45 -0.0347315211218165 0.0))
    (1.2766383191595796 (0.45 -0.03492846673930434 0.0))
    (1.2776388194097048 (0.45 -0.035124651811989815 0.0))
    (1.2786393196598298 (0.45 -0.035320054804438956 0.0))
    (1.2796398199099548 (0.45 -0.03551465426706767 0.0))
    (1.28064032016008 (0.45 -0.03570842883849616 0.0))
    (1.281640820410205 (0.45 -0.0359013572478936 0.0))
    (1.28264132066033 (0.45 -0.036093418317313386 0.0))
    (1.2836418209104552 (0.45 -0.036284590964017704 0.0))
    (1.2846423211605802 (0.45 -0.03647485420279164 0.0))
    (1.2856428214107052 (0.45 -0.03666418714824708 0.0))
    (1.2866433216608304 (0.45 -0.036852569017115096 0.0))
    (1.2876438219109554 (0.45 -0.03703997913052734 0.0))
    (1.2886443221610804 (0.45 -0.0372263969162861 0.0))
    (1.2896448224112056 (0.45 -0.0374118019111225 0.0))
    (1.2906453226613306 (0.45 -0.03759617376294268 0.0))
    (1.2916458229114556 (0.45 -0.03777949223306194 0.0))
    (1.2926463231615808 (0.45 -0.03796173719842647 0.0))
    (1.2936468234117058 (0.45 -0.038142888653821976 0.0))
    (1.2946473236618308 (0.45 -0.03832292671406999 0.0))
    (1.295647823911956 (0.45 -0.03850183161621058 0.0))
    (1.296648324162081 (0.45 -0.03867958372167157 0.0))
    (1.297648824412206 (0.45 -0.038856163518424594 0.0))
    (1.298649324662331 (0.45 -0.039031551623126735 0.0))
    (1.2996498249124562 (0.45 -0.03920572878324838 0.0))
    (1.3006503251625812 (0.45 -0.03937867587918637 0.0))
    (1.3016508254127062 (0.45 -0.039550373926363125 0.0))
    (1.3026513256628314 (0.45 -0.03972080407731031 0.0))
    (1.3036518259129564 (0.45 -0.039889947623737834 0.0))
    (1.3046523261630814 (0.45 -0.04005778599858751 0.0))
    (1.3056528264132066 (0.45 -0.04022430077807121 0.0))
    (1.3066533266633316 (0.45 -0.04038947368369306 0.0))
    (1.3076538269134566 (0.45 -0.04055328658425619 0.0))
    (1.3086543271635818 (0.45 -0.040715721497852846 0.0))
    (1.3096548274137068 (0.45 -0.04087676059383815 0.0))
    (1.3106553276638317 (0.45 -0.04103638619478769 0.0))
    (1.311655827913957 (0.45 -0.04119458077843782 0.0))
    (1.312656328164082 (0.45 -0.041351326979609 0.0))
    (1.313656828414207 (0.45 -0.041506607592112194 0.0))
    (1.3146573286643322 (0.45 -0.041660405570637556 0.0))
    (1.3156578289144572 (0.45 -0.04181270403262531 0.0))
    (1.3166583291645821 (0.45 -0.041963486260119295 0.0))
    (1.3176588294147074 (0.45 -0.04211273570160188 0.0))
    (1.3186593296648323 (0.45 -0.04226043597381086 0.0))
    (1.3196598299149573 (0.45 -0.042406570863537954 0.0))
    (1.3206603301650826 (0.45 -0.042551124329408545 0.0))
    (1.3216608304152075 (0.45 -0.042694080503642415 0.0))
    (1.3226613306653325 (0.45 -0.04283542369379571 0.0))
    (1.3236618309154575 (0.45 -0.04297513838448349 0.0))
    (1.3246623311655827 (0.45 -0.043113209239082864 0.0))
    (1.3256628314157077 (0.45 -0.04324962110141639 0.0))
    (1.3266633316658327 (0.45 -0.04338435899741599 0.0))
    (1.327663831915958 (0.45 -0.04351740813676655 0.0))
    (1.328664332166083 (0.45 -0.04364875391452941 0.0))
    (1.329664832416208 (0.45 -0.04377838191274569 0.0))
    (1.3306653326663331 (0.45 -0.04390627790201897 0.0))
    (1.3316658329164581 (0.45 -0.04403242784307704 0.0))
    (1.3326663331665831 (0.45 -0.04415681788831331 0.0))
    (1.3336668334167083 (0.45 -0.04427943438330671 0.0))
    (1.3346673336668333 (0.45 -0.044400263868320515 0.0))
    (1.3356678339169583 (0.45 -0.044519293079779934 0.0))
    (1.3366683341670835 (0.45 -0.04463650895172806 0.0))
    (1.3376688344172085 (0.45 -0.044751898617260005 0.0))
    (1.3386693346673335 (0.45 -0.0448654494099355 0.0))
    (1.3396698349174587 (0.45 -0.04497714886516918 0.0))
    (1.3406703351675837 (0.45 -0.04508698472159881 0.0))
    (1.3416708354177087 (0.45 -0.045194944922431354 0.0))
    (1.342671335667834 (0.45 -0.045301017616766394 0.0))
    (1.343671835917959 (0.45 -0.045405191160896904 0.0))
    (1.344672336168084 (0.45 -0.04550745411958762 0.0))
    (1.3456728364182091 (0.45 -0.04560779526733013 0.0))
    (1.346673336668334 (0.45 -0.0457062035895751 0.0))
    (1.347673836918459 (0.45 -0.045802668283941486 0.0))
    (1.348674337168584 (0.45 -0.0458971787614022 0.0))
    (1.3496748374187093 (0.45 -0.04598972464744655 0.0))
    (1.3506753376688343 (0.45 -0.04608029578321899 0.0))
    (1.3516758379189593 (0.45 -0.04616888222663432 0.0))
    (1.3526763381690845 (0.45 -0.04625547425346908 0.0))
    (1.3536768384192095 (0.45 -0.04634006235842884 0.0))
    (1.3546773386693345 (0.45 -0.04642263725619178 0.0))
    (1.3556778389194597 (0.45 -0.04650318988242785 0.0))
    (1.3566783391695847 (0.45 -0.04658171139479378 0.0))
    (1.3576788394197097 (0.45 -0.04665819317390371 0.0))
    (1.358679339669835 (0.45 -0.04673262682427544 0.0))
    (1.3596798399199599 (0.45 -0.0468050041752518 0.0))
    (1.3606803401700849 (0.45 -0.04687531728189781 0.0))
    (1.36168084042021 (0.45 -0.04694355842587263 0.0))
    (1.362681340670335 (0.45 -0.047009720116276826 0.0))
    (1.36368184092046 (0.45 -0.047073795090474754 0.0))
    (1.3646823411705853 (0.45 -0.04713577631489165 0.0))
    (1.3656828414207103 (0.45 -0.04719565698578583 0.0))
    (1.3666833416708353 (0.45 -0.04725343052999546 0.0))
    (1.3676838419209605 (0.45 -0.047309090605660194 0.0))
    (1.3686843421710855 (0.45 -0.04736263110291718 0.0))
    (1.3696848424212105 (0.45 -0.047414046144571884 0.0))
    (1.3706853426713355 (0.45 -0.04746333008674318 0.0))
    (1.3716858429214607 (0.45 -0.04751047751948291 0.0))
    (1.3726863431715857 (0.45 -0.04755548326736964 0.0))
    (1.3736868434217107 (0.45 -0.04759834239007694 0.0))
    (1.3746873436718359 (0.45 -0.047639050182915546 0.0))
    (1.3756878439219609 (0.45 -0.04767760217734984 0.0))
    (1.3766883441720859 (0.45 -0.04771399414148843 0.0))
    (1.377688844422211 (0.45 -0.047748222080548575 0.0))
    (1.378689344672336 (0.45 -0.04778028223729479 0.0))
    (1.379689844922461 (0.45 -0.04781017109245123 0.0))
    (1.3806903451725863 (0.45 -0.047837885365088054 0.0))
    (1.3816908454227113 (0.45 -0.047863422012981494 0.0))
    (1.3826913456728362 (0.45 -0.0478867782329479 0.0))
    (1.3836918459229615 (0.45 -0.047907951461151364 0.0))
    (1.3846923461730865 (0.45 -0.04792693937338521 0.0))
    (1.3856928464232114 (0.45 -0.04794373988532713 0.0))
    (1.3866933466733367 (0.45 -0.047958351152767906 0.0))
    (1.3876938469234616 (0.45 -0.047970771571813925 0.0))
    (1.3886943471735866 (0.45 -0.047980999779063255 0.0))
    (1.3896948474237119 (0.45 -0.04798903465175522 0.0))
    (1.3906953476738368 (0.45 -0.047994875307893724 0.0))
    (1.3916958479239618 (0.45 -0.047998521106344026 0.0))
    (1.392696348174087 (0.45 -0.04799997164690316 0.0))
    (1.393696848424212 (0.45 -0.047999226770343795 0.0))
    (1.394697348674337 (0.45 -0.0479962865584318 0.0))
    (1.395697848924462 (0.45 -0.04799115133391722 0.0))
    (1.3966983491745872 (0.45 -0.047983821660498825 0.0))
    (1.3976988494247122 (0.45 -0.04797429834276229 0.0))
    (1.3986993496748372 (0.45 -0.047962582426091846 0.0))
    (1.3996998499249624 (0.45 -0.04794867519655549 0.0))
    (1.4007003501750874 (0.45 -0.04793257818076391 0.0))
    (1.4017008504252124 (0.45 -0.04791429314570279 0.0))
    (1.4027013506753376 (0.45 -0.047893822098538916 0.0))
    (1.4037018509254626 (0.45 -0.04787116728639987 0.0))
    (1.4047023511755876 (0.45 -0.04784633119612729 0.0))
    (1.4057028514257128 (0.45 -0.0478193165540039 0.0))
    (1.4067033516758378 (0.45 -0.047790126325454325 0.0))
    (1.4077038519259628 (0.45 -0.047758763714719474 0.0))
    (1.408704352176088 (0.45 -0.04772523216450483 0.0))
    (1.409704852426213 (0.45 -0.04768953535560261 0.0))
    (1.410705352676338 (0.45 -0.047651677206487615 0.0))
    (1.4117058529264632 (0.45 -0.04761166187288717 0.0))
    (1.4127063531765882 (0.45 -0.047569493747324935 0.0))
    (1.4137068534267132 (0.45 -0.0475251774586387 0.0))
    (1.4147073536768384 (0.45 -0.04747871787147228 0.0))
    (1.4157078539269634 (0.45 -0.047430120085741594 0.0))
    (1.4167083541770884 (0.45 -0.04737938943607472 0.0))
    (1.4177088544272134 (0.45 -0.047326531491226384 0.0))
    (1.4187093546773386 (0.45 -0.047271552053466656 0.0))
    (1.4197098549274636 (0.45 -0.047214457157944055 0.0))
    (1.4207103551775886 (0.45 -0.04715525307202301 0.0))
    (1.4217108554277138 (0.45 -0.04709394629459589 0.0))
    (1.4227113556778388 (0.45 -0.04703054355536972 0.0))
    (1.4237118559279638 (0.45 -0.04696505181412727 0.0))
    (1.424712356178089 (0.45 -0.04689747825996323 0.0))
    (1.425712856428214 (0.45 -0.04682783031049503 0.0))
    (1.426713356678339 (0.45 -0.04675611561104852 0.0))
    (1.4277138569284642 (0.45 -0.04668234203381877 0.0))
    (1.4287143571785892 (0.45 -0.04660651767700602 0.0))
    (1.4297148574287142 (0.45 -0.0465286508639266 0.0))
    (1.4307153576788394 (0.45 -0.046448750142099315 0.0))
    (1.4317158579289644 (0.45 -0.046366824282307276 0.0))
    (1.4327163581790894 (0.45 -0.04628288227763497 0.0))
    (1.4337168584292146 (0.45 -0.04619693334248112 0.0))
    (1.4347173586793396 (0.45 -0.04610898691154733 0.0))
    (1.4357178589294646 (0.45 -0.04601905263880227 0.0))
    (1.4367183591795898 (0.45 -0.04592714039642201 0.0))
    (1.4377188594297148 (0.45 -0.04583326027370641 0.0))
    (1.4387193596798398 (0.45 -0.04573742257597148 0.0))
    (1.439719859929965 (0.45 -0.045639637823418205 0.0))
    (1.44072036018009 (0.45 -0.045539916749977864 0.0))
    (1.441720860430215 (0.45 -0.045438270302133515 0.0))
    (1.44272136068034 (0.45 -0.04533470963771857 0.0))
    (1.4437218609304652 (0.45 -0.045229246124691896 0.0))
    (1.4447223611805902 (0.45 -0.04512189133989003 0.0))
    (1.4457228614307152 (0.45 -0.045012657067756257 0.0))
    (1.4467233616808404 (0.45 -0.04490155529904716 0.0))
    (1.4477238619309654 (0.45 -0.044788598229516266 0.0))
    (1.4487243621810904 (0.45 -0.04467379825857535 0.0))
    (1.4497248624312156 (0.45 -0.04455716798793331 0.0))
    (1.4507253626813406 (0.45 -0.044438720220213015 0.0))
    (1.4517258629314655 (0.45 -0.044318467957545696 0.0))
    (1.4527263631815908 (0.45 -0.04419642440014385 0.0))
    (1.4537268634317158 (0.45 -0.044072602944852254 0.0))
    (1.4547273636818407 (0.45 -0.04394701718367731 0.0))
    (1.455727863931966 (0.45 -0.04381968090229499 0.0))
    (1.456728364182091 (0.45 -0.04369060807853779 0.0))
    (1.457728864432216 (0.45 -0.043559812880860124 0.0))
    (1.4587293646823412 (0.45 -0.043427309666783105 0.0))
    (1.4597298649324661 (0.45 -0.04329311298131861 0.0))
    (1.4607303651825911 (0.45 -0.04315723755537254 0.0))
    (1.4617308654327164 (0.45 -0.043019698304127794 0.0))
    (1.4627313656828413 (0.45 -0.0428805103254072 0.0))
    (1.4637318659329663 (0.45 -0.04273968889801593 0.0))
    (1.4647323661830915 (0.45 -0.04259724948006449 0.0))
    (1.4657328664332165 (0.45 -0.04245320770727191 0.0))
    (1.4667333666833415 (0.45 -0.042307579391249295 0.0))
    (1.4677338669334665 (0.45 -0.04216038051776419 0.0))
    (1.4687343671835917 (0.45 -0.04201162724498581 0.0))
    (1.4697348674337167 (0.45 -0.04186133590171143 0.0))
    (1.4707353676838417 (0.45 -0.0417095229855738 0.0))
    (1.471735867933967 (0.45 -0.04155620516123024 0.0))
    (1.472736368184092 (0.45 -0.04140139925853352 0.0))
    (1.473736868434217 (0.45 -0.041245122270684116 0.0))
    (1.4747373686843421 (0.45 -0.04108739135236504 0.0))
    (1.4757378689344671 (0.45 -0.04092822381785881 0.0))
    (1.4767383691845921 (0.45 -0.04076763713914661 0.0))
    (1.4777388694347173 (0.45 -0.040605648943990665 0.0))
    (1.4787393696848423 (0.45 -0.04044227701399902 0.0))
    (1.4797398699349673 (0.45 -0.04027753928267367 0.0))
    (1.4807403701850925 (0.45 -0.040111453833441967 0.0))
    (1.4817408704352175 (0.45 -0.03994403889767177 0.0))
    (1.4827413706853425 (0.45 -0.0397753128526699 0.0))
    (1.4837418709354677 (0.45 -0.03960529421966493 0.0))
    (1.4847423711855927 (0.45 -0.03943400166177427 0.0))
    (1.4857428714357177 (0.45 -0.03926145398195522 0.0))
    (1.486743371685843 (0.45 -0.03908767012094109 0.0))
    (1.487743871935968 (0.45 -0.0389126691551622 0.0))
    (1.488744372186093 (0.45 -0.03873647029465152 0.0))
    (1.489744872436218 (0.45 -0.03855909288093622 0.0))
    (1.490745372686343 (0.45 -0.03838055638491439 0.0))
    (1.491745872936468 (0.45 -0.03820088040471785 0.0))
    (1.492746373186593 (0.45 -0.03802008466356063 0.0))
    (1.4937468734367183 (0.45 -0.037838189007574165 0.0))
    (1.4947473736868433 (0.45 -0.03765521340362864 0.0))
    (1.4957478739369683 (0.45 -0.03747117793714114 0.0))
    (1.4967483741870935 (0.45 -0.03728610280987092 0.0))
    (1.4977488744372185 (0.45 -0.03710000833770205 0.0))
    (1.4987493746873435 (0.45 -0.036912914948412916 0.0))
    (1.4997498749374687 (0.45 -0.03672484317943407 0.0))
    (1.5007503751875937 (0.45 -0.036535813675593914 0.0))
    (1.5017508754377187 (0.45 -0.036345847186852256 0.0))
    (1.502751375687844 (0.45 -0.036154964566022664 0.0))
    (1.5037518759379689 (0.45 -0.035963186766483635 0.0))
    (1.5047523761880939 (0.45 -0.03577053483987816 0.0))
    (1.505752876438219 (0.45 -0.03557702993380305 0.0))
    (1.506753376688344 (0.45 -0.03538269328948766 0.0))
    (1.507753876938469 (0.45 -0.03518754623946196 0.0))
    (1.5087543771885943 (0.45 -0.03499161020521504 0.0))
    (1.5097548774387193 (0.45 -0.03479490669484362 0.0))
    (1.5107553776888443 (0.45 -0.034597457300690984 0.0))
    (1.5117558779389695 (0.45 -0.03439928369697678 0.0))
    (1.5127563781890945 (0.45 -0.03420040763741808 0.0))
    (1.5137568784392195 (0.45 -0.034000850952841055 0.0))
    (1.5147573786893445 (0.45 -0.03380063554878482 0.0))
    (1.5157578789394697 (0.45 -0.033599783403096786 0.0))
    (1.5167583791895947 (0.45 -0.03339831656352021 0.0))
    (1.5177588794397197 (0.45 -0.03319625714527383 0.0))
    (1.5187593796898449 (0.45 -0.03299362732862431 0.0))
    (1.5197598799399699 (0.45 -0.03279044935645175 0.0))
    (1.5207603801900949 (0.45 -0.032586745531807584 0.0))
    (1.52176088044022 (0.45 -0.032382538215466675 0.0))
    (1.522761380690345 (0.45 -0.032177849823472764 0.0))
    (1.52376188094047 (0.45 -0.03197270282467763 0.0))
    (1.5247623811905953 (0.45 -0.031767119738274875 0.0))
    (1.5257628814407203 (0.45 -0.03156112313132789 0.0))
    (1.5267633816908452 (0.45 -0.03135473561629255 0.0))
    (1.5277638819409705 (0.45 -0.03114797984853509 0.0))
    (1.5287643821910955 (0.45 -0.03094087852384541 0.0))
    (1.5297648824412204 (0.45 -0.030733454375945348 0.0))
    (1.5307653826913457 (0.45 -0.0305257301739934 0.0))
    (1.5317658829414706 (0.45 -0.030317728720085407 0.0))
    (1.5327663831915956 (0.45 -0.03010947284675133 0.0))
    (1.5337668834417209 (0.45 -0.029900985414448977 0.0))
    (1.5347673836918458 (0.45 -0.029692289309054824 0.0))
    (1.5357678839419708 (0.45 -0.029483407439351395 0.0))
    (1.5367683841920958 (0.45 -0.02927436273451282 0.0))
    (1.537768884442221 (0.45 -0.02906517814158777 0.0))
    (1.538769384692346 (0.45 -0.028855876622980645 0.0))
    (1.539769884942471 (0.45 -0.0286464811539309 0.0))
    (1.5407703851925962 (0.45 -0.028437014719990907 0.0))
    (1.5417708854427212 (0.45 -0.02822750031450308 0.0))
    (1.5427713856928462 (0.45 -0.0280179609360756 0.0))
    (1.5437718859429714 (0.45 -0.028 0.0))
    (1.5447723861930964 (0.45 -0.028 0.0))
    (1.5457728864432214 (0.45 -0.028 0.0))
    (1.5467733866933466 (0.45 -0.028 0.0))
    (1.5477738869434716 (0.45 -0.028 0.0))
    (1.5487743871935966 (0.45 -0.028 0.0))
    (1.5497748874437218 (0.45 -0.028 0.0))
    (1.5507753876938468 (0.45 -0.028 0.0))
    (1.5517758879439718 (0.45 -0.028 0.0))
    (1.552776388194097 (0.45 -0.028 0.0))
    (1.553776888444222 (0.45 -0.028 0.0))
    (1.554777388694347 (0.45 -0.028 0.0))
    (1.5557778889444722 (0.45 -0.028 0.0))
    (1.5567783891945972 (0.45 -0.028 0.0))
    (1.5577788894447222 (0.45 -0.028 0.0))
    (1.5587793896948474 (0.45 -0.028 0.0))
    (1.5597798899449724 (0.45 -0.028 0.0))
    (1.5607803901950974 (0.45 -0.028 0.0))
    (1.5617808904452224 (0.45 -0.028 0.0))
    (1.5627813906953476 (0.45 -0.028 0.0))
    (1.5637818909454726 (0.45 -0.028 0.0))
    (1.5647823911955976 (0.45 -0.028 0.0))
    (1.5657828914457228 (0.45 -0.028 0.0))
    (1.5667833916958478 (0.45 -0.028 0.0))
    (1.5677838919459728 (0.45 -0.028 0.0))
    (1.568784392196098 (0.45 -0.028 0.0))
    (1.569784892446223 (0.45 -0.028 0.0))
    (1.570785392696348 (0.45 -0.028 0.0))
    (1.5717858929464732 (0.45 -0.028 0.0))
    (1.5727863931965982 (0.45 -0.028 0.0))
    (1.5737868934467232 (0.45 -0.028 0.0))
    (1.5747873936968484 (0.45 -0.028 0.0))
    (1.5757878939469734 (0.45 -0.028 0.0))
    (1.5767883941970984 (0.45 -0.028 0.0))
    (1.5777888944472236 (0.45 -0.028 0.0))
    (1.5787893946973486 (0.45 -0.028 0.0))
    (1.5797898949474736 (0.45 -0.028 0.0))
    (1.5807903951975988 (0.45 -0.028 0.0))
    (1.5817908954477238 (0.45 -0.028 0.0))
    (1.5827913956978488 (0.45 -0.028 0.0))
    (1.583791895947974 (0.45 -0.028 0.0))
    (1.584792396198099 (0.45 -0.028 0.0))
    (1.585792896448224 (0.45 -0.028 0.0))
    (1.586793396698349 (0.45 -0.028 0.0))
    (1.5877938969484742 (0.45 -0.028 0.0))
    (1.5887943971985992 (0.45 -0.028 0.0))
    (1.5897948974487242 (0.45 -0.028 0.0))
    (1.5907953976988494 (0.45 -0.028 0.0))
    (1.5917958979489744 (0.45 -0.028 0.0))
    (1.5927963981990994 (0.45 -0.028 0.0))
    (1.5937968984492246 (0.45 -0.028 0.0))
    (1.5947973986993496 (0.45 -0.028 0.0))
    (1.5957978989494745 (0.45 -0.028 0.0))
    (1.5967983991995998 (0.45 -0.028 0.0))
    (1.5977988994497248 (0.45 -0.028 0.0))
    (1.5987993996998497 (0.45 -0.028 0.0))
    (1.599799899949975 (0.45 -0.028 0.0))
    (1.6008004002001 (0.45 -0.028 0.0))
    (1.601800900450225 (0.45 -0.028 0.0))
    (1.6028014007003502 (0.45 -0.028 0.0))
    (1.6038019009504751 (0.45 -0.028 0.0))
    (1.6048024012006001 (0.45 -0.028 0.0))
    (1.6058029014507254 (0.45 -0.028 0.0))
    (1.6068034017008503 (0.45 -0.028 0.0))
    (1.6078039019509753 (0.45 -0.028 0.0))
    (1.6088044022011003 (0.45 -0.028 0.0))
    (1.6098049024512255 (0.45 -0.028 0.0))
    (1.6108054027013505 (0.45 -0.028 0.0))
    (1.6118059029514755 (0.45 -0.028 0.0))
    (1.6128064032016007 (0.45 -0.028 0.0))
    (1.6138069034517257 (0.45 -0.028 0.0))
    (1.6148074037018507 (0.45 -0.028 0.0))
    (1.615807903951976 (0.45 -0.028 0.0))
    (1.616808404202101 (0.45 -0.028 0.0))
    (1.617808904452226 (0.45 -0.028 0.0))
    (1.6188094047023511 (0.45 -0.028 0.0))
    (1.6198099049524761 (0.45 -0.028 0.0))
    (1.6208104052026011 (0.45 -0.028 0.0))
    (1.6218109054527263 (0.45 -0.028 0.0))
    (1.6228114057028513 (0.45 -0.028 0.0))
    (1.6238119059529763 (0.45 -0.028 0.0))
    (1.6248124062031015 (0.45 -0.028 0.0))
    (1.6258129064532265 (0.45 -0.028 0.0))
    (1.6268134067033515 (0.45 -0.028 0.0))
    (1.6278139069534767 (0.45 -0.028 0.0))
    (1.6288144072036017 (0.45 -0.028 0.0))
    (1.6298149074537267 (0.45 -0.028 0.0))
    (1.630815407703852 (0.45 -0.028 0.0))
    (1.631815907953977 (0.45 -0.028 0.0))
    (1.632816408204102 (0.45 -0.028 0.0))
    (1.633816908454227 (0.45 -0.028 0.0))
    (1.634817408704352 (0.45 -0.028 0.0))
    (1.635817908954477 (0.45 -0.028 0.0))
    (1.636818409204602 (0.45 -0.028 0.0))
    (1.6378189094547273 (0.45 -0.028 0.0))
    (1.6388194097048523 (0.45 -0.028 0.0))
    (1.6398199099549773 (0.45 -0.028 0.0))
    (1.6408204102051025 (0.45 -0.028 0.0))
    (1.6418209104552275 (0.45 -0.028 0.0))
    (1.6428214107053525 (0.45 -0.028 0.0))
    (1.6438219109554777 (0.45 -0.028 0.0))
    (1.6448224112056027 (0.45 -0.028 0.0))
    (1.6458229114557277 (0.45 -0.028 0.0))
    (1.646823411705853 (0.45 -0.028 0.0))
    (1.6478239119559779 (0.45 -0.028 0.0))
    (1.6488244122061029 (0.45 -0.028 0.0))
    (1.649824912456228 (0.45 -0.028 0.0))
    (1.650825412706353 (0.45 -0.028 0.0))
    (1.651825912956478 (0.45 -0.028 0.0))
    (1.6528264132066033 (0.45 -0.028 0.0))
    (1.6538269134567283 (0.45 -0.028 0.0))
    (1.6548274137068533 (0.45 -0.028 0.0))
    (1.6558279139569785 (0.45 -0.028 0.0))
    (1.6568284142071035 (0.45 -0.028 0.0))
    (1.6578289144572285 (0.45 -0.028 0.0))
    (1.6588294147073535 (0.45 -0.028 0.0))
    (1.6598299149574787 (0.45 -0.028 0.0))
    (1.6608304152076037 (0.45 -0.028 0.0))
    (1.6618309154577287 (0.45 -0.028 0.0))
    (1.6628314157078539 (0.45 -0.028 0.0))
    (1.6638319159579789 (0.45 -0.028 0.0))
    (1.6648324162081038 (0.45 -0.028 0.0))
    (1.665832916458229 (0.45 -0.028 0.0))
    (1.666833416708354 (0.45 -0.028 0.0))
    (1.667833916958479 (0.45 -0.028 0.0))
    (1.6688344172086043 (0.45 -0.028 0.0))
    (1.6698349174587293 (0.45 -0.028 0.0))
    (1.6708354177088542 (0.45 -0.028 0.0))
    (1.6718359179589795 (0.45 -0.028 0.0))
    (1.6728364182091044 (0.45 -0.028 0.0))
    (1.6738369184592294 (0.45 -0.028 0.0))
    (1.6748374187093547 (0.45 -0.028 0.0))
    (1.6758379189594796 (0.45 -0.028 0.0))
    (1.6768384192096046 (0.45 -0.028 0.0))
    (1.6778389194597298 (0.45 -0.028 0.0))
    (1.6788394197098548 (0.45 -0.028 0.0))
    (1.6798399199599798 (0.45 -0.028 0.0))
    (1.6808404202101048 (0.45 -0.028 0.0))
    (1.68184092046023 (0.45 -0.028 0.0))
    (1.682841420710355 (0.45 -0.028 0.0))
    (1.68384192096048 (0.45 -0.028 0.0))
    (1.6848424212106052 (0.45 -0.028 0.0))
    (1.6858429214607302 (0.45 -0.028 0.0))
    (1.6868434217108552 (0.45 -0.028 0.0))
    (1.6878439219609804 (0.45 -0.028 0.0))
    (1.6888444222111054 (0.45 -0.028 0.0))
    (1.6898449224612304 (0.45 -0.028 0.0))
    (1.6908454227113556 (0.45 -0.028 0.0))
    (1.6918459229614806 (0.45 -0.028 0.0))
    (1.6928464232116056 (0.45 -0.028 0.0))
    (1.6938469234617308 (0.45 -0.028 0.0))
    (1.6948474237118558 (0.45 -0.028 0.0))
    (1.6958479239619808 (0.45 -0.028 0.0))
    (1.696848424212106 (0.45 -0.028 0.0))
    (1.697848924462231 (0.45 -0.028 0.0))
    (1.698849424712356 (0.45 -0.028 0.0))
    (1.6998499249624812 (0.45 -0.028 0.0))
    (1.7008504252126062 (0.45 -0.028 0.0))
    (1.7018509254627312 (0.45 -0.028 0.0))
    (1.7028514257128564 (0.45 -0.028 0.0))
    (1.7038519259629814 (0.45 -0.028 0.0))
    (1.7048524262131064 (0.45 -0.028 0.0))
    (1.7058529264632314 (0.45 -0.028 0.0))
    (1.7068534267133566 (0.45 -0.028 0.0))
    (1.7078539269634816 (0.45 -0.028 0.0))
    (1.7088544272136066 (0.45 -0.028 0.0))
    (1.7098549274637318 (0.45 -0.028 0.0))
    (1.7108554277138568 (0.45 -0.028 0.0))
    (1.7118559279639818 (0.45 -0.028 0.0))
    (1.712856428214107 (0.45 -0.028 0.0))
    (1.713856928464232 (0.45 -0.028 0.0))
    (1.714857428714357 (0.45 -0.028 0.0))
    (1.7158579289644822 (0.45 -0.028 0.0))
    (1.7168584292146072 (0.45 -0.028 0.0))
    (1.7178589294647322 (0.45 -0.028 0.0))
    (1.7188594297148574 (0.45 -0.028 0.0))
    (1.7198599299649824 (0.45 -0.028 0.0))
    (1.7208604302151074 (0.45 -0.028 0.0))
    (1.7218609304652326 (0.45 -0.028 0.0))
    (1.7228614307153576 (0.45 -0.028 0.0))
    (1.7238619309654826 (0.45 -0.028 0.0))
    (1.7248624312156078 (0.45 -0.028 0.0))
    (1.7258629314657328 (0.45 -0.028 0.0))
    (1.7268634317158578 (0.45 -0.028 0.0))
    (1.7278639319659828 (0.45 -0.028 0.0))
    (1.728864432216108 (0.45 -0.028 0.0))
    (1.729864932466233 (0.45 -0.028 0.0))
    (1.730865432716358 (0.45 -0.028 0.0))
    (1.7318659329664832 (0.45 -0.028 0.0))
    (1.7328664332166082 (0.45 -0.028 0.0))
    (1.7338669334667332 (0.45 -0.028 0.0))
    (1.7348674337168584 (0.45 -0.028 0.0))
    (1.7358679339669834 (0.45 -0.028 0.0))
    (1.7368684342171083 (0.45 -0.028 0.0))
    (1.7378689344672336 (0.45 -0.028 0.0))
    (1.7388694347173586 (0.45 -0.028 0.0))
    (1.7398699349674835 (0.45 -0.028 0.0))
    (1.7408704352176088 (0.45 -0.028 0.0))
    (1.7418709354677337 (0.45 -0.028 0.0))
    (1.7428714357178587 (0.45 -0.028 0.0))
    (1.743871935967984 (0.45 -0.028 0.0))
    (1.744872436218109 (0.45 -0.028 0.0))
    (1.745872936468234 (0.45 -0.028 0.0))
    (1.7468734367183592 (0.45 -0.028 0.0))
    (1.7478739369684841 (0.45 -0.028 0.0))
    (1.7488744372186091 (0.45 -0.028 0.0))
    (1.7498749374687343 (0.45 -0.028 0.0))
    (1.7508754377188593 (0.45 -0.028 0.0))
    (1.7518759379689843 (0.45 -0.028 0.0))
    (1.7528764382191093 (0.45 -0.028 0.0))
    (1.7538769384692345 (0.45 -0.028 0.0))
    (1.7548774387193595 (0.45 -0.028 0.0))
    (1.7558779389694845 (0.45 -0.028 0.0))
    (1.7568784392196097 (0.45 -0.028 0.0))
    (1.7578789394697347 (0.45 -0.028 0.0))
    (1.7588794397198597 (0.45 -0.028 0.0))
    (1.759879939969985 (0.45 -0.028 0.0))
    (1.76088044022011 (0.45 -0.028 0.0))
    (1.761880940470235 (0.45 -0.028 0.0))
    (1.7628814407203601 (0.45 -0.028 0.0))
    (1.7638819409704851 (0.45 -0.028 0.0))
    (1.76488244122061 (0.45 -0.028 0.0))
    (1.7658829414707353 (0.45 -0.028 0.0))
    (1.7668834417208603 (0.45 -0.028 0.0))
    (1.7678839419709853 (0.45 -0.028 0.0))
    (1.7688844422211105 (0.45 -0.028 0.0))
    (1.7698849424712355 (0.45 -0.028 0.0))
    (1.7708854427213605 (0.45 -0.028 0.0))
    (1.7718859429714857 (0.45 -0.028 0.0))
    (1.7728864432216107 (0.45 -0.028 0.0))
    (1.7738869434717357 (0.45 -0.028 0.0))
    (1.774887443721861 (0.45 -0.028 0.0))
    (1.775887943971986 (0.45 -0.028 0.0))
    (1.776888444222111 (0.45 -0.028 0.0))
    (1.7778889444722359 (0.45 -0.028 0.0))
    (1.778889444722361 (0.45 -0.028 0.0))
    (1.779889944972486 (0.45 -0.028 0.0))
    (1.780890445222611 (0.45 -0.028 0.0))
    (1.7818909454727363 (0.45 -0.028 0.0))
    (1.7828914457228613 (0.45 -0.028 0.0))
    (1.7838919459729863 (0.45 -0.028 0.0))
    (1.7848924462231115 (0.45 -0.028 0.0))
    (1.7858929464732365 (0.45 -0.028 0.0))
    (1.7868934467233615 (0.45 -0.028 0.0))
    (1.7878939469734867 (0.45 -0.028 0.0))
    (1.7888944472236117 (0.45 -0.028 0.0))
    (1.7898949474737367 (0.45 -0.028 0.0))
    (1.7908954477238619 (0.45 -0.028 0.0))
    (1.7918959479739869 (0.45 -0.028 0.0))
    (1.7928964482241119 (0.45 -0.028 0.0))
    (1.793896948474237 (0.45 -0.028 0.0))
    (1.794897448724362 (0.45 -0.028 0.0))
    (1.795897948974487 (0.45 -0.028 0.0))
    (1.7968984492246123 (0.45 -0.028 0.0))
    (1.7978989494747373 (0.45 -0.028 0.0))
    (1.7988994497248623 (0.45 -0.028 0.0))
    (1.7998999499749873 (0.45 -0.028 0.0))
    (1.8009004502251125 (0.45 -0.028 0.0))
    (1.8019009504752375 (0.45 -0.028 0.0))
    (1.8029014507253625 (0.45 -0.028 0.0))
    (1.8039019509754877 (0.45 -0.028 0.0))
    (1.8049024512256127 (0.45 -0.028 0.0))
    (1.8059029514757377 (0.45 -0.028 0.0))
    (1.8069034517258629 (0.45 -0.028 0.0))
    (1.8079039519759879 (0.45 -0.028 0.0))
    (1.8089044522261128 (0.45 -0.028 0.0))
    (1.809904952476238 (0.45 -0.028 0.0))
    (1.810905452726363 (0.45 -0.028 0.0))
    (1.811905952976488 (0.45 -0.028 0.0))
    (1.8129064532266133 (0.45 -0.028 0.0))
    (1.8139069534767382 (0.45 -0.028 0.0))
    (1.8149074537268632 (0.45 -0.028 0.0))
    (1.8159079539769885 (0.45 -0.028 0.0))
    (1.8169084542271134 (0.45 -0.028 0.0))
    (1.8179089544772384 (0.45 -0.028 0.0))
    (1.8189094547273637 (0.45 -0.028 0.0))
    (1.8199099549774886 (0.45 -0.028 0.0))
    (1.8209104552276136 (0.45 -0.028 0.0))
    (1.8219109554777388 (0.45 -0.028 0.0))
    (1.8229114557278638 (0.45 -0.028 0.0))
    (1.8239119559779888 (0.45 -0.028 0.0))
    (1.8249124562281138 (0.45 -0.028 0.0))
    (1.825912956478239 (0.45 -0.028 0.0))
    (1.826913456728364 (0.45 -0.028 0.0))
    (1.827913956978489 (0.45 -0.028 0.0))
    (1.8289144572286142 (0.45 -0.028 0.0))
    (1.8299149574787392 (0.45 -0.028 0.0))
    (1.8309154577288642 (0.45 -0.028 0.0))
    (1.8319159579789894 (0.45 -0.028 0.0))
    (1.8329164582291144 (0.45 -0.028 0.0))
    (1.8339169584792394 (0.45 -0.028 0.0))
    (1.8349174587293646 (0.45 -0.028 0.0))
    (1.8359179589794896 (0.45 -0.028 0.0))
    (1.8369184592296146 (0.45 -0.028 0.0))
    (1.8379189594797398 (0.45 -0.028 0.0))
    (1.8389194597298648 (0.45 -0.028 0.0))
    (1.8399199599799898 (0.45 -0.028 0.0))
    (1.840920460230115 (0.45 -0.028 0.0))
    (1.84192096048024 (0.45 -0.028 0.0))
    (1.842921460730365 (0.45 -0.028013470702848813 0.0))
    (1.8439219609804902 (0.45 -0.028223010364692026 0.0))
    (1.8449224612306152 (0.45 -0.02843252554646185 0.0))
    (1.8459229614807402 (0.45 -0.028641993249464995 0.0))
    (1.8469234617308652 (0.45 -0.02885139048021967 0.0))
    (1.8479239619809904 (0.45 -0.029060694252980187 0.0))
    (1.8489244622311154 (0.45 -0.029269881592259652 0.0))
    (1.8499249624812404 (0.45 -0.029478929535352093 0.0))
    (1.8509254627313656 (0.45 -0.029687815134853506 0.0))
    (1.8519259629814906 (0.45 -0.029896515461180273 0.0))
    (1.8529264632316156 (0.45 -0.030105007605086394 0.0))
    (1.8539269634817408 (0.45 -0.030313268680178505 0.0))
    (1.8549274637318658 (0.45 -0.030521275825427588 0.0))
    (1.8559279639819908 (0.45 -0.03072900620767887 0.0))
    (1.856928464232116 (0.45 -0.030936437024158304 0.0))
    (1.857928964482241 (0.45 -0.0311435455049753 0.0))
    (1.858929464732366 (0.45 -0.031350308915622245 0.0))
    (1.8599299649824912 (0.45 -0.03155670455947069 0.0))
    (1.8609304652326162 (0.45 -0.031762709780261855 0.0))
    (1.8619309654827412 (0.45 -0.03196830196459423 0.0))
    (1.8629314657328664 (0.45 -0.03217345854440592 0.0))
    (1.8639319659829914 (0.45 -0.03237815699945159 0.0))
    (1.8649324662331164 (0.45 -0.032582374859774645 0.0))
    (1.8659329664832416 (0.45 -0.03278608970817415 0.0))
    (1.8669334667333666 (0.45 -0.03298927918266505 0.0))
    (1.8679339669834916 (0.45 -0.03319192097893315 0.0))
    (1.8689344672336168 (0.45 -0.03339399285278365 0.0))
    (1.8699349674837418 (0.45 -0.03359547262258241 0.0))
    (1.8709354677338668 (0.45 -0.03379633817169127 0.0))
    (1.8719359679839918 (0.45 -0.033996567450895854 0.0))
    (1.872936468234117 (0.45 -0.03419613848082561 0.0))
    (1.873936968484242 (0.45 -0.03439502935436654 0.0))
    (1.874937468734367 (0.45 -0.03459321823906653 0.0))
    (1.8759379689844922 (0.45 -0.034790683379531076 0.0))
    (1.8769384692346172 (0.45 -0.03498740309981192 0.0))
    (1.8779389694847421 (0.45 -0.03518335580578653 0.0))
    (1.8789394697348674 (0.45 -0.03537851998752809 0.0))
    (1.8799399699849924 (0.45 -0.03557287422166685 0.0))
    (1.8809404702351173 (0.45 -0.03576639717374208 0.0))
    (1.8819409704852426 (0.45 -0.03595906760054352 0.0))
    (1.8829414707353676 (0.45 -0.036150864352443454 0.0))
    (1.8839419709854925 (0.45 -0.03634176637571858 0.0))
    (1.8849424712356178 (0.45 -0.03653175271486056 0.0))
    (1.8859429714857427 (0.45 -0.03672080251487675 0.0))
    (1.8869434717358677 (0.45 -0.03690889502357949 0.0))
    (1.887943971985993 (0.45 -0.037096009593863805 0.0))
    (1.888944472236118 (0.45 -0.03728212568597388 0.0))
    (1.889944972486243 (0.45 -0.037467222869758274 0.0))
    (1.8909454727363681 (0.45 -0.037651280826911736 0.0))
    (1.8919459729864931 (0.45 -0.037834279353206095 0.0))
    (1.8929464732366181 (0.45 -0.03801619836070813 0.0))
    (1.8939469734867433 (0.45 -0.038197017879984335 0.0))
    (1.8949474737368683 (0.45 -0.03837671806229303 0.0))
    (1.8959479739869933 (0.45 -0.038555279181763664 0.0))
    (1.8969484742371183 (0.45 -0.03873268163756132 0.0))
    (1.8979489744872435 (0.45 -0.03890890595603913 0.0))
    (1.8989494747373685 (0.45 -0.03908393279287533 0.0))
    (1.8999499749874935 (0.45 -0.03925774293519694 0.0))
    (1.9009504752376187 (0.45 -0.03943031730368896 0.0))
    (1.9019509754877437 (0.45 -0.03960163695468829 0.0))
    (1.9029514757378687 (0.45 -0.039771683082263504 0.0))
    (1.903951975987994 (0.45 -0.03994043702027929 0.0))
    (1.904952476238119 (0.45 -0.040107880244445136 0.0))
    (1.905952976488244 (0.45 -0.040273994374348816 0.0))
    (1.9069534767383691 (0.45 -0.04043876117547448 0.0))
    (1.9079539769884941 (0.45 -0.04060216256120355 0.0))
    (1.908954477238619 (0.45 -0.040764180594800616 0.0))
    (1.9099549774887443 (0.45 -0.04092479749138234 0.0))
    (1.9109554777388693 (0.45 -0.0410839956198695 0.0))
    (1.9119559779889943 (0.45 -0.04124175750492238 0.0))
    (1.9129564782391195 (0.45 -0.04139806582885941 0.0))
    (1.9139569784892445 (0.45 -0.04155290343355769 0.0))
    (1.9149574787393695 (0.45 -0.041706253322336705 0.0))
    (1.9159579789894947 (0.45 -0.041858098661824154 0.0))
    (1.9169584792396197 (0.45 -0.04200842278380343 0.0))
    (1.9179589794897447 (0.45 -0.04215720918704356 0.0))
    (1.9189594797398697 (0.45 -0.042304441539110685 0.0))
    (1.919959979989995 (0.45 -0.04245010367816055 0.0))
    (1.92096048024012 (0.45 -0.04259417961471268 0.0))
    (1.9219609804902449 (0.45 -0.04273665353340598 0.0))
    (1.92296148074037 (0.45 -0.04287750979473415 0.0))
    (1.923961980990495 (0.45 -0.04301673293676289 0.0))
    (1.92496248124062 (0.45 -0.04315430767682716 0.0))
    (1.9259629814907453 (0.45 -0.04329021891320855 0.0))
    (1.9269634817408703 (0.45 -0.04342445172679307 0.0))
    (1.9279639819909953 (0.45 -0.04355699138270912 0.0))
    (1.9289644822411205 (0.45 -0.04368782333194454 0.0))
    (1.9299649824912455 (0.45 -0.04381693321294389 0.0))
    (1.9309654827413705 (0.45 -0.043944306853185025 0.0))
    (1.9319659829914957 (0.45 -0.04406993027073454 0.0))
    (1.9329664832416207 (0.45 -0.04419378967578279 0.0))
    (1.9339669834917457 (0.45 -0.044315871472157674 0.0))
    (1.9349674837418709 (0.45 -0.0444361622588169 0.0))
    (1.9359679839919959 (0.45 -0.04455464883131903 0.0))
    (1.9369684842421209 (0.45 -0.044671318183273315 0.0))
    (1.937968984492246 (0.45 -0.04478615750776686 0.0))
    (1.938969484742371 (0.45 -0.04489915419877085 0.0))
    (1.939969984992496 (0.45 -0.04501029585252428 0.0))
    (1.9409704852426213 (0.45 -0.045119570268895376 0.0))
    (1.9419709854927463 (0.45 -0.04522696545272084 0.0))
    (1.9429714857428713 (0.45 -0.0453324696151228 0.0))
    (1.9439719859929963 (0.45 -0.04543607117480256 0.0))
    (1.9449724862431215 (0.45 -0.04553775875931219 0.0))
    (1.9459729864932465 (0.45 -0.04563752120630264 0.0))
    (1.9469734867433715 (0.45 -0.04573534756474914 0.0))
    (1.9479739869934967 (0.45 -0.04583122709615347 0.0))
    (1.9489744872436217 (0.45 -0.04592514927572241 0.0))
    (1.9499749874937466 (0.45 -0.04601710379352329 0.0))
    (1.9509754877438719 (0.45 -0.04610708055561573 0.0))
    (1.9519759879939969 (0.45 -0.04619506968515954 0.0))
    (1.9529764882441218 (0.45 -0.04628106152349887 0.0))
    (1.953976988494247 (0.45 -0.046365046631222775 0.0))
    (1.954977488744372 (0.45 -0.04644701578920095 0.0))
    (1.955977988994497 (0.45 -0.04652695999959598 0.0))
    (1.9569784892446223 (0.45 -0.0466048704868511 0.0))
    (1.9579789894947472 (0.45 -0.04668073869865329 0.0))
    (1.9589794897448722 (0.45 -0.04675455630687214 0.0))
    (1.9599799899949975 (0.45 -0.046826315208474203 0.0))
    (1.9609804902451224 (0.45 -0.04689600752641222 0.0))
    (1.9619809904952474 (0.45 -0.04696362561048995 0.0))
    (1.9629814907453726 (0.45 -0.047029162038201955 0.0))
    (1.9639819909954976 (0.45 -0.04709260961554822 0.0))
    (1.9649824912456226 (0.45 -0.047153961377824 0.0))
    (1.9659829914957476 (0.45 -0.04721321059038432 0.0))
    (1.9669834917458728 (0.45 -0.04727035074938319 0.0))
    (1.9679839919959978 (0.45 -0.04732537558248749 0.0))
    (1.9689844922461228 (0.45 -0.04737827904956573 0.0))
    (1.969984992496248 (0.45 -0.04742905534335075 0.0))
    (1.970985492746373 (0.45 -0.047477698890077406 0.0))
    (1.971985992996498 (0.45 -0.04752420435009441 0.0))
    (1.9729864932466232 (0.45 -0.04756856661845038 0.0))
    (1.9739869934967482 (0.45 -0.04761078082545419 0.0))
    (1.9749874937468732 (0.45 -0.04765084233720969 0.0))
    (1.9759879939969984 (0.45 -0.04768874675612418 0.0))
    (1.9769884942471234 (0.45 -0.047724489921391264 0.0))
    (1.9779889944972484 (0.45 -0.04775806790944754 0.0))
    (1.9789894947473736 (0.45 -0.04778947703440328 0.0))
    (1.9799899949974986 (0.45 -0.047818713848447075 0.0))
    (1.9809904952476236 (0.45 -0.047845775142224274 0.0))
    (1.9819909954977488 (0.45 -0.04787065794518929 0.0))
    (1.9829914957478738 (0.45 -0.047893359525931656 0.0))
    (1.9839919959979988 (0.45 -0.0479138773924759 0.0))
    (1.984992496248124 (0.45 -0.04793220929255506 0.0))
    (1.985992996498249 (0.45 -0.04794835321385791 0.0))
    (1.986993496748374 (0.45 -0.04796230738424989 0.0))
    (1.9879939969984992 (0.45 -0.047974070271967595 0.0))
    (1.9889944972486242 (0.45 -0.04798364058578694 0.0))
    (1.9899949974987492 (0.45 -0.0479910172751649 0.0))
    (1.9909954977488742 (0.45 -0.04799619953035482 0.0))
    (1.9919959979989994 (0.45 -0.04799918678249531 0.0))
    (1.9929964982491244 (0.45 -0.047999978703672674 0.0))
    (1.9939969984992494 (0.45 -0.04799857520695692 0.0))
    (1.9949974987493746 (0.45 -0.047994976446411305 0.0))
    (1.9959979989994996 (0.45 -0.047989182817075426 0.0))
    (1.9969984992496246 (0.45 -0.04798119495492181 0.0))
    (1.9979989994997498 (0.45 -0.047971013736786194 0.0))
    (1.9989994997498748 (0.45 -0.04795864028027118 0.0))
    (2.0 (0.45 -0.0479440759436236 0.0))
)
