(
    (0.0 (0.59 -0.028 0.0))
    (0.0010005002501250625 (0.59 -0.028 0.0))
    (0.002001000500250125 (0.59 -0.028 0.0))
    (0.003001500750375187 (0.59 -0.028 0.0))
    (0.00400200100050025 (0.59 -0.028 0.0))
    (0.0050025012506253125 (0.59 -0.028 0.0))
    (0.006003001500750374 (0.59 -0.028 0.0))
    (0.007003501750875437 (0.59 -0.028 0.0))
    (0.0080040020010005 (0.59 -0.028 0.0))
    (0.009004502251125562 (0.59 -0.028 0.0))
    (0.010005002501250625 (0.59 -0.028 0.0))
    (0.011005502751375688 (0.59 -0.028 0.0))
    (0.012006003001500749 (0.59 -0.028 0.0))
    (0.013006503251625811 (0.59 -0.028 0.0))
    (0.014007003501750874 (0.59 -0.028 0.0))
    (0.015007503751875937 (0.59 -0.028 0.0))
    (0.016008004002001 (0.59 -0.028 0.0))
    (0.01700850425212606 (0.59 -0.028 0.0))
    (0.018009004502251125 (0.59 -0.028 0.0))
    (0.019009504752376186 (0.59 -0.028 0.0))
    (0.02001000500250125 (0.59 -0.028 0.0))
    (0.02101050525262631 (0.59 -0.028 0.0))
    (0.022011005502751375 (0.59 -0.028 0.0))
    (0.023011505752876436 (0.59 -0.028 0.0))
    (0.024012006003001497 (0.59 -0.028 0.0))
    (0.02501250625312656 (0.59 -0.028 0.0))
    (0.026013006503251623 (0.59 -0.028 0.0))
    (0.027013506753376687 (0.59 -0.028 0.0))
    (0.028014007003501748 (0.59 -0.028 0.0))
    (0.029014507253626812 (0.59 -0.028 0.0))
    (0.030015007503751873 (0.59 -0.028 0.0))
    (0.031015507753876938 (0.59 -0.028 0.0))
    (0.032016008004002 (0.59 -0.028 0.0))
    (0.03301650825412706 (0.59 -0.028 0.0))
    (0.03401700850425212 (0.59 -0.028 0.0))
    (0.03501750875437719 (0.59 -0.028 0.0))
    (0.03601800900450225 (0.59 -0.028 0.0))
    (0.03701850925462731 (0.59 -0.028 0.0))
    (0.03801900950475237 (0.59 -0.028 0.0))
    (0.03901950975487744 (0.59 -0.028 0.0))
    (0.0400200100050025 (0.59 -0.028 0.0))
    (0.04102051025512756 (0.59 -0.028 0.0))
    (0.04202101050525262 (0.59 -0.028 0.0))
    (0.04302151075537768 (0.59 -0.028 0.0))
    (0.04402201100550275 (0.59 -0.028 0.0))
    (0.04502251125562781 (0.59 -0.028 0.0))
    (0.04602301150575287 (0.59 -0.028 0.0))
    (0.047023511755877934 (0.59 -0.028 0.0))
    (0.048024012006002995 (0.59 -0.028 0.0))
    (0.04902451225612806 (0.59 -0.028 0.0))
    (0.05002501250625312 (0.59 -0.028 0.0))
    (0.051025512756378184 (0.59 -0.028 0.0))
    (0.052026013006503245 (0.59 -0.028 0.0))
    (0.05302651325662831 (0.59 -0.028 0.0))
    (0.054027013506753374 (0.59 -0.028 0.0))
    (0.055027513756878435 (0.59 -0.028 0.0))
    (0.056028014007003496 (0.59 -0.028 0.0))
    (0.05702851425712856 (0.59 -0.028 0.0))
    (0.058029014507253625 (0.59 -0.028 0.0))
    (0.059029514757378686 (0.59 -0.028 0.0))
    (0.06003001500750375 (0.59 -0.028 0.0))
    (0.06103051525762881 (0.59 -0.028 0.0))
    (0.062031015507753876 (0.59 -0.028 0.0))
    (0.06303151575787894 (0.59 -0.028 0.0))
    (0.064032016008004 (0.59 -0.028 0.0))
    (0.06503251625812906 (0.59 -0.028 0.0))
    (0.06603301650825412 (0.59 -0.028 0.0))
    (0.06703351675837918 (0.59 -0.028 0.0))
    (0.06803401700850424 (0.59 -0.028 0.0))
    (0.06903451725862932 (0.59 -0.028 0.0))
    (0.07003501750875438 (0.59 -0.028 0.0))
    (0.07103551775887944 (0.59 -0.028 0.0))
    (0.0720360180090045 (0.59 -0.028 0.0))
    (0.07303651825912956 (0.59 -0.028 0.0))
    (0.07403701850925462 (0.59 -0.028 0.0))
    (0.07503751875937968 (0.59 -0.028 0.0))
    (0.07603801900950474 (0.59 -0.028 0.0))
    (0.0770385192596298 (0.59 -0.028 0.0))
    (0.07803901950975488 (0.59 -0.028 0.0))
    (0.07903951975987994 (0.59 -0.028 0.0))
    (0.080040020010005 (0.59 -0.028 0.0))
    (0.08104052026013006 (0.59 -0.028 0.0))
    (0.08204102051025512 (0.59 -0.028 0.0))
    (0.08304152076038018 (0.59 -0.028 0.0))
    (0.08404202101050524 (0.59 -0.028 0.0))
    (0.0850425212606303 (0.59 -0.028 0.0))
    (0.08604302151075537 (0.59 -0.028 0.0))
    (0.08704352176088044 (0.59 -0.028 0.0))
    (0.0880440220110055 (0.59 -0.028 0.0))
    (0.08904452226113056 (0.59 -0.028 0.0))
    (0.09004502251125562 (0.59 -0.028 0.0))
    (0.09104552276138068 (0.59 -0.028 0.0))
    (0.09204602301150575 (0.59 -0.028 0.0))
    (0.0930465232616308 (0.59 -0.028 0.0))
    (0.09404702351175587 (0.59 -0.028 0.0))
    (0.09504752376188093 (0.59 -0.028 0.0))
    (0.09604802401200599 (0.59 -0.028 0.0))
    (0.09704852426213106 (0.59 -0.028 0.0))
    (0.09804902451225612 (0.59 -0.028 0.0))
    (0.09904952476238119 (0.59 -0.028 0.0))
    (0.10005002501250625 (0.59 -0.028 0.0))
    (0.10105052526263131 (0.59 -0.028 0.0))
    (0.10205102551275637 (0.59 -0.028 0.0))
    (0.10305152576288143 (0.59 -0.028 0.0))
    (0.10405202601300649 (0.59 -0.028 0.0))
    (0.10505252626313155 (0.59 -0.028 0.0))
    (0.10605302651325663 (0.59 -0.028 0.0))
    (0.10705352676338169 (0.59 -0.028 0.0))
    (0.10805402701350675 (0.59 -0.028 0.0))
    (0.10905452726363181 (0.59 -0.028 0.0))
    (0.11005502751375687 (0.59 -0.028 0.0))
    (0.11105552776388193 (0.59 -0.028 0.0))
    (0.11205602801400699 (0.59 -0.028 0.0))
    (0.11305652826413205 (0.59 -0.028 0.0))
    (0.11405702851425711 (0.59 -0.028 0.0))
    (0.11505752876438219 (0.59 -0.028 0.0))
    (0.11605802901450725 (0.59 -0.028 0.0))
    (0.11705852926463231 (0.59 -0.028 0.0))
    (0.11805902951475737 (0.59 -0.028 0.0))
    (0.11905952976488243 (0.59 -0.028 0.0))
    (0.1200600300150075 (0.59 -0.028 0.0))
    (0.12106053026513255 (0.59 -0.028 0.0))
    (0.12206103051525762 (0.59 -0.028 0.0))
    (0.12306153076538268 (0.59 -0.028 0.0))
    (0.12406203101550775 (0.59 -0.028 0.0))
    (0.1250625312656328 (0.59 -0.028 0.0))
    (0.12606303151575787 (0.59 -0.028 0.0))
    (0.12706353176588292 (0.59 -0.028 0.0))
    (0.128064032016008 (0.59 -0.028 0.0))
    (0.12906453226613307 (0.59 -0.028 0.0))
    (0.13006503251625812 (0.59 -0.028 0.0))
    (0.1310655327663832 (0.59 -0.028 0.0))
    (0.13206603301650824 (0.59 -0.028 0.0))
    (0.1330665332666333 (0.59 -0.028 0.0))
    (0.13406703351675836 (0.59 -0.028 0.0))
    (0.13506753376688344 (0.59 -0.028 0.0))
    (0.13606803401700848 (0.59 -0.028 0.0))
    (0.13706853426713356 (0.59 -0.028 0.0))
    (0.13806903451725863 (0.59 -0.028 0.0))
    (0.13906953476738368 (0.59 -0.028 0.0))
    (0.14007003501750875 (0.59 -0.028 0.0))
    (0.1410705352676338 (0.59 -0.028 0.0))
    (0.14207103551775888 (0.59 -0.028 0.0))
    (0.14307153576788392 (0.59 -0.028 0.0))
    (0.144072036018009 (0.59 -0.028 0.0))
    (0.14507253626813404 (0.59 -0.028 0.0))
    (0.14607303651825912 (0.59 -0.028 0.0))
    (0.1470735367683842 (0.59 -0.028 0.0))
    (0.14807403701850924 (0.59 -0.028 0.0))
    (0.14907453726863432 (0.59 -0.028 0.0))
    (0.15007503751875936 (0.59 -0.028 0.0))
    (0.15107553776888444 (0.59 -0.028 0.0))
    (0.15207603801900949 (0.59 -0.028 0.0))
    (0.15307653826913456 (0.59 -0.028 0.0))
    (0.1540770385192596 (0.59 -0.028 0.0))
    (0.15507753876938468 (0.59 -0.028 0.0))
    (0.15607803901950976 (0.59 -0.028 0.0))
    (0.1570785392696348 (0.59 -0.028 0.0))
    (0.15807903951975988 (0.59 -0.028 0.0))
    (0.15907953976988493 (0.59 -0.028 0.0))
    (0.16008004002001 (0.59 -0.028 0.0))
    (0.16108054027013505 (0.59 -0.028 0.0))
    (0.16208104052026012 (0.59 -0.028 0.0))
    (0.16308154077038517 (0.59 -0.028 0.0))
    (0.16408204102051024 (0.59 -0.028 0.0))
    (0.16508254127063532 (0.59 -0.028 0.0))
    (0.16608304152076037 (0.59 -0.028 0.0))
    (0.16708354177088544 (0.59 -0.028 0.0))
    (0.1680840420210105 (0.59 -0.028 0.0))
    (0.16908454227113556 (0.59 -0.028 0.0))
    (0.1700850425212606 (0.59 -0.028 0.0))
    (0.17108554277138568 (0.59 -0.028 0.0))
    (0.17208604302151073 (0.59 -0.028 0.0))
    (0.1730865432716358 (0.59 -0.028 0.0))
    (0.17408704352176088 (0.59 -0.028 0.0))
    (0.17508754377188593 (0.59 -0.028 0.0))
    (0.176088044022011 (0.59 -0.028 0.0))
    (0.17708854427213605 (0.59 -0.028 0.0))
    (0.17808904452226113 (0.59 -0.028 0.0))
    (0.17908954477238617 (0.59 -0.028 0.0))
    (0.18009004502251125 (0.59 -0.028 0.0))
    (0.1810905452726363 (0.59 -0.028 0.0))
    (0.18209104552276137 (0.59 -0.028 0.0))
    (0.18309154577288644 (0.59 -0.028 0.0))
    (0.1840920460230115 (0.59 -0.028 0.0))
    (0.18509254627313657 (0.59 -0.028 0.0))
    (0.1860930465232616 (0.59 -0.028 0.0))
    (0.1870935467733867 (0.59 -0.028 0.0))
    (0.18809404702351173 (0.59 -0.028 0.0))
    (0.1890945472736368 (0.59 -0.028 0.0))
    (0.19009504752376186 (0.59 -0.028 0.0))
    (0.19109554777388693 (0.59 -0.028 0.0))
    (0.19209604802401198 (0.59 -0.028 0.0))
    (0.19309654827413705 (0.59 -0.028 0.0))
    (0.19409704852426213 (0.59 -0.028 0.0))
    (0.19509754877438718 (0.59 -0.028 0.0))
    (0.19609804902451225 (0.59 -0.028 0.0))
    (0.1970985492746373 (0.59 -0.028 0.0))
    (0.19809904952476237 (0.59 -0.028 0.0))
    (0.19909954977488742 (0.59 -0.028 0.0))
    (0.2001000500250125 (0.59 -0.028 0.0))
    (0.20110055027513754 (0.59 -0.028 0.0))
    (0.20210105052526262 (0.59 -0.028 0.0))
    (0.2031015507753877 (0.59 -0.028 0.0))
    (0.20410205102551274 (0.59 -0.028 0.0))
    (0.2051025512756378 (0.59 -0.028 0.0))
    (0.20610305152576286 (0.59 -0.028 0.0))
    (0.20710355177588793 (0.59 -0.028 0.0))
    (0.20810405202601298 (0.59 -0.028 0.0))
    (0.20910455227613806 (0.59 -0.028 0.0))
    (0.2101050525262631 (0.59 -0.028 0.0))
    (0.21110555277638818 (0.59 -0.028 0.0))
    (0.21210605302651325 (0.59 -0.028 0.0))
    (0.2131065532766383 (0.59 -0.028 0.0))
    (0.21410705352676337 (0.59 -0.028 0.0))
    (0.21510755377688842 (0.59 -0.028 0.0))
    (0.2161080540270135 (0.59 -0.028 0.0))
    (0.21710855427713854 (0.59 -0.028 0.0))
    (0.21810905452726362 (0.59 -0.028 0.0))
    (0.21910955477738867 (0.59 -0.028 0.0))
    (0.22011005502751374 (0.59 -0.028 0.0))
    (0.22111055527763882 (0.59 -0.028 0.0))
    (0.22211105552776386 (0.59 -0.028 0.0))
    (0.22311155577788894 (0.59 -0.028 0.0))
    (0.22411205602801398 (0.59 -0.028 0.0))
    (0.22511255627813906 (0.59 -0.028 0.0))
    (0.2261130565282641 (0.59 -0.028 0.0))
    (0.22711355677838918 (0.59 -0.028 0.0))
    (0.22811405702851423 (0.59 -0.028 0.0))
    (0.2291145572786393 (0.59 -0.028 0.0))
    (0.23011505752876438 (0.59 -0.028 0.0))
    (0.23111555777888942 (0.59 -0.028 0.0))
    (0.2321160580290145 (0.59 -0.028 0.0))
    (0.23311655827913955 (0.59 -0.028 0.0))
    (0.23411705852926462 (0.59 -0.028 0.0))
    (0.23511755877938967 (0.59 -0.028 0.0))
    (0.23611805902951474 (0.59 -0.028 0.0))
    (0.2371185592796398 (0.59 -0.028 0.0))
    (0.23811905952976486 (0.59 -0.028 0.0))
    (0.23911955977988994 (0.59 -0.028 0.0))
    (0.240120060030015 (0.59 -0.028 0.0))
    (0.24112056028014006 (0.59 -0.028 0.0))
    (0.2421210605302651 (0.59 -0.028 0.0))
    (0.24312156078039018 (0.59 -0.028 0.0))
    (0.24412206103051523 (0.59 -0.028 0.0))
    (0.2451225612806403 (0.59 -0.028 0.0))
    (0.24612306153076535 (0.59 -0.028 0.0))
    (0.24712356178089043 (0.59 -0.028 0.0))
    (0.2481240620310155 (0.59 -0.028 0.0))
    (0.24912456228114055 (0.59 -0.028 0.0))
    (0.2501250625312656 (0.59 -0.028 0.0))
    (0.2511255627813907 (0.59 -0.028 0.0))
    (0.25212606303151575 (0.59 -0.028 0.0))
    (0.2531265632816408 (0.59 -0.028 0.0))
    (0.25412706353176584 (0.59 -0.028 0.0))
    (0.25512756378189094 (0.59 -0.028 0.0))
    (0.256128064032016 (0.59 -0.028 0.0))
    (0.25712856428214104 (0.59 -0.028 0.0))
    (0.25812906453226614 (0.59 -0.028 0.0))
    (0.2591295647823912 (0.59 -0.028 0.0))
    (0.26013006503251623 (0.59 -0.028 0.0))
    (0.2611305652826413 (0.59 -0.028 0.0))
    (0.2621310655327664 (0.59 -0.028 0.0))
    (0.26313156578289143 (0.59 -0.028 0.0))
    (0.2641320660330165 (0.59 -0.028 0.0))
    (0.2651325662831415 (0.59 -0.028 0.0))
    (0.2661330665332666 (0.59 -0.028 0.0))
    (0.2671335667833917 (0.59 -0.028 0.0))
    (0.2681340670335167 (0.59 -0.028 0.0))
    (0.2691345672836418 (0.59 -0.028 0.0))
    (0.27013506753376687 (0.59 -0.028 0.0))
    (0.2711355677838919 (0.59 -0.028 0.0))
    (0.27213606803401696 (0.59 -0.028 0.0))
    (0.27313656828414207 (0.59 -0.028 0.0))
    (0.2741370685342671 (0.59 -0.028 0.0))
    (0.27513756878439216 (0.59 -0.028 0.0))
    (0.27613806903451726 (0.59 -0.028 0.0))
    (0.2771385692846423 (0.59 -0.028 0.0))
    (0.27813906953476736 (0.59 -0.028 0.0))
    (0.2791395697848924 (0.59 -0.028 0.0))
    (0.2801400700350175 (0.59 -0.028 0.0))
    (0.28114057028514255 (0.59 -0.028 0.0))
    (0.2821410705352676 (0.59 -0.028 0.0))
    (0.28314157078539265 (0.59 -0.028 0.0))
    (0.28414207103551775 (0.59 -0.028 0.0))
    (0.2851425712856428 (0.59 -0.028 0.0))
    (0.28614307153576785 (0.59 -0.028 0.0))
    (0.28714357178589295 (0.59 -0.028 0.0))
    (0.288144072036018 (0.59 -0.028 0.0))
    (0.28914457228614304 (0.59 -0.028 0.0))
    (0.2901450725362681 (0.59 -0.028 0.0))
    (0.2911455727863932 (0.59 -0.028 0.0))
    (0.29214607303651824 (0.59 -0.028 0.0))
    (0.2931465732866433 (0.59 -0.028 0.0))
    (0.2941470735367684 (0.59 -0.028 0.0))
    (0.29514757378689344 (0.59 -0.028 0.0))
    (0.2961480740370185 (0.59 -0.028 0.0))
    (0.29714857428714353 (0.59 -0.028 0.0))
    (0.29814907453726863 (0.59 -0.028 0.0))
    (0.2991495747873937 (0.59 -0.028 0.0))
    (0.3001500750375187 (0.59 -0.028 0.0))
    (0.3011505752876438 (0.59 -0.028 0.0))
    (0.3021510755377689 (0.59 -0.028 0.0))
    (0.3031515757878939 (0.59 -0.028 0.0))
    (0.30415207603801897 (0.59 -0.028 0.0))
    (0.3051525762881441 (0.59 -0.028 0.0))
    (0.3061530765382691 (0.59 -0.028 0.0))
    (0.30715357678839417 (0.59 -0.028 0.0))
    (0.3081540770385192 (0.59 -0.028 0.0))
    (0.3091545772886443 (0.59 -0.028 0.0))
    (0.31015507753876936 (0.59 -0.028 0.0))
    (0.3111555777888944 (0.59 -0.028 0.0))
    (0.3121560780390195 (0.59 -0.028 0.0))
    (0.31315657828914456 (0.59 -0.028 0.0))
    (0.3141570785392696 (0.59 -0.028 0.0))
    (0.31515757878939465 (0.59 -0.028 0.0))
    (0.31615807903951976 (0.59 -0.028 0.0))
    (0.3171585792896448 (0.59 -0.028 0.0))
    (0.31815907953976985 (0.59 -0.028 0.0))
    (0.3191595797898949 (0.59 -0.028 0.0))
    (0.32016008004002 (0.59 -0.028 0.0))
    (0.32116058029014505 (0.59 -0.028 0.0))
    (0.3221610805402701 (0.59 -0.028 0.0))
    (0.3231615807903952 (0.59 -0.028 0.0))
    (0.32416208104052024 (0.59 -0.028 0.0))
    (0.3251625812906453 (0.59 -0.028 0.0))
    (0.32616308154077034 (0.59 -0.028 0.0))
    (0.32716358179089544 (0.59 -0.028 0.0))
    (0.3281640820410205 (0.59 -0.028 0.0))
    (0.32916458229114554 (0.59 -0.028 0.0))
    (0.33016508254127064 (0.59 -0.028 0.0))
    (0.3311655827913957 (0.59 -0.028 0.0))
    (0.33216608304152073 (0.59 -0.028 0.0))
    (0.3331665832916458 (0.59 -0.028 0.0))
    (0.3341670835417709 (0.59 -0.028 0.0))
    (0.33516758379189593 (0.59 -0.028 0.0))
    (0.336168084042021 (0.59 -0.028 0.0))
    (0.337168584292146 (0.59 -0.028 0.0))
    (0.3381690845422711 (0.59 -0.028 0.0))
    (0.3391695847923962 (0.59 -0.028 0.0))
    (0.3401700850425212 (0.59 -0.028 0.0))
    (0.3411705852926463 (0.59 -0.028 0.0))
    (0.34217108554277137 (0.59 -0.028 0.0))
    (0.3431715857928964 (0.59 -0.028 0.0))
    (0.34417208604302146 (0.59 -0.028 0.0))
    (0.34517258629314657 (0.59 -0.028 0.0))
    (0.3461730865432716 (0.59 -0.028 0.0))
    (0.34717358679339666 (0.59 -0.028 0.0))
    (0.34817408704352176 (0.59 -0.028 0.0))
    (0.3491745872936468 (0.59 -0.028 0.0))
    (0.35017508754377186 (0.59 -0.028 0.0))
    (0.3511755877938969 (0.59 -0.028 0.0))
    (0.352176088044022 (0.59 -0.028 0.0))
    (0.35317658829414705 (0.59 -0.028 0.0))
    (0.3541770885442721 (0.59 -0.028 0.0))
    (0.35517758879439715 (0.59 -0.028 0.0))
    (0.35617808904452225 (0.59 -0.028 0.0))
    (0.3571785892946473 (0.59 -0.028 0.0))
    (0.35817908954477234 (0.59 -0.028 0.0))
    (0.35917958979489745 (0.59 -0.028 0.0))
    (0.3601800900450225 (0.59 -0.028 0.0))
    (0.36118059029514754 (0.59 -0.028 0.0))
    (0.3621810905452726 (0.59 -0.028 0.0))
    (0.3631815907953977 (0.59 -0.028 0.0))
    (0.36418209104552274 (0.59 -0.028 0.0))
    (0.3651825912956478 (0.59 -0.028 0.0))
    (0.3661830915457729 (0.59 -0.028 0.0))
    (0.36718359179589793 (0.59 -0.028 0.0))
    (0.368184092046023 (0.59 -0.028 0.0))
    (0.36918459229614803 (0.59 -0.028 0.0))
    (0.37018509254627313 (0.59 -0.028 0.0))
    (0.3711855927963982 (0.59 -0.028 0.0))
    (0.3721860930465232 (0.59 -0.028 0.0))
    (0.3731865932966483 (0.59 -0.028 0.0))
    (0.3741870935467734 (0.59 -0.028 0.0))
    (0.3751875937968984 (0.59 -0.028 0.0))
    (0.37618809404702347 (0.59 -0.028 0.0))
    (0.37718859429714857 (0.59 -0.028 0.0))
    (0.3781890945472736 (0.59 -0.028 0.0))
    (0.37918959479739867 (0.59 -0.028 0.0))
    (0.3801900950475237 (0.59 -0.028 0.0))
    (0.3811905952976488 (0.59 -0.028 0.0))
    (0.38219109554777386 (0.59 -0.028 0.0))
    (0.3831915957978989 (0.59 -0.028 0.0))
    (0.38419209604802396 (0.59 -0.028 0.0))
    (0.38519259629814906 (0.59 -0.028 0.0))
    (0.3861930965482741 (0.59 -0.028 0.0))
    (0.38719359679839915 (0.59 -0.028 0.0))
    (0.38819409704852426 (0.59 -0.028 0.0))
    (0.3891945972986493 (0.59 -0.028 0.0))
    (0.39019509754877435 (0.59 -0.028 0.0))
    (0.3911955977988994 (0.59 -0.028 0.0))
    (0.3921960980490245 (0.59 -0.028 0.0))
    (0.39319659829914955 (0.59 -0.028 0.0))
    (0.3941970985492746 (0.59 -0.028 0.0))
    (0.3951975987993997 (0.59 -0.028 0.0))
    (0.39619809904952474 (0.59 -0.028 0.0))
    (0.3971985992996498 (0.59 -0.028 0.0))
    (0.39819909954977484 (0.59 -0.028 0.0))
    (0.39919959979989994 (0.59 -0.028 0.0))
    (0.400200100050025 (0.59 -0.028 0.0))
    (0.40120060030015003 (0.59 -0.028 0.0))
    (0.4022011005502751 (0.59 -0.028 0.0))
    (0.4032016008004002 (0.59 -0.028 0.0))
    (0.40420210105052523 (0.59 -0.028 0.0))
    (0.4052026013006503 (0.59 -0.028 0.0))
    (0.4062031015507754 (0.59 -0.028 0.0))
    (0.4072036018009004 (0.59 -0.028 0.0))
    (0.4082041020510255 (0.59 -0.028 0.0))
    (0.4092046023011505 (0.59 -0.028 0.0))
    (0.4102051025512756 (0.59 -0.028 0.0))
    (0.41120560280140067 (0.59 -0.028 0.0))
    (0.4122061030515257 (0.59 -0.028 0.0))
    (0.4132066033016508 (0.59 -0.028 0.0))
    (0.41420710355177587 (0.59 -0.028 0.0))
    (0.4152076038019009 (0.59 -0.028 0.0))
    (0.41620810405202596 (0.59 -0.028 0.0))
    (0.41720860430215106 (0.59 -0.028 0.0))
    (0.4182091045522761 (0.59 -0.028 0.0))
    (0.41920960480240116 (0.59 -0.028 0.0))
    (0.4202101050525262 (0.59 -0.028 0.0))
    (0.4212106053026513 (0.59 -0.028 0.0))
    (0.42221110555277636 (0.59 -0.028 0.0))
    (0.4232116058029014 (0.59 -0.028 0.0))
    (0.4242121060530265 (0.59 -0.028 0.0))
    (0.42521260630315155 (0.59 -0.028 0.0))
    (0.4262131065532766 (0.59 -0.028 0.0))
    (0.42721360680340165 (0.59 -0.028 0.0))
    (0.42821410705352675 (0.59 -0.028 0.0))
    (0.4292146073036518 (0.59 -0.028 0.0))
    (0.43021510755377684 (0.59 -0.028 0.0))
    (0.43121560780390195 (0.59 -0.028 0.0))
    (0.432216108054027 (0.59 -0.028 0.0))
    (0.43321660830415204 (0.59 -0.028 0.0))
    (0.4342171085542771 (0.59 -0.028 0.0))
    (0.4352176088044022 (0.59 -0.028 0.0))
    (0.43621810905452724 (0.59 -0.028 0.0))
    (0.4372186093046523 (0.59 -0.028 0.0))
    (0.43821910955477733 (0.59 -0.028 0.0))
    (0.43921960980490243 (0.59 -0.028 0.0))
    (0.4402201100550275 (0.59 -0.028 0.0))
    (0.4412206103051525 (0.59 -0.028 0.0))
    (0.44222111055527763 (0.59 -0.028 0.0))
    (0.4432216108054027 (0.59 -0.028 0.0))
    (0.4442221110555277 (0.59 -0.028 0.0))
    (0.44522261130565277 (0.59 -0.028 0.0))
    (0.4462231115557779 (0.59 -0.028 0.0))
    (0.4472236118059029 (0.59 -0.028 0.0))
    (0.44822411205602797 (0.59 -0.028 0.0))
    (0.44922461230615307 (0.59 -0.028 0.0))
    (0.4502251125562781 (0.59 -0.028 0.0))
    (0.45122561280640316 (0.59 -0.028 0.0))
    (0.4522261130565282 (0.59 -0.028 0.0))
    (0.4532266133066533 (0.59 -0.028 0.0))
    (0.45422711355677836 (0.59 -0.028 0.0))
    (0.4552276138069034 (0.59 -0.028 0.0))
    (0.45622811405702846 (0.59 -0.028 0.0))
    (0.45722861430715356 (0.59 -0.028 0.0))
    (0.4582291145572786 (0.59 -0.028 0.0))
    (0.45922961480740365 (0.59 -0.028 0.0))
    (0.46023011505752875 (0.59 -0.028 0.0))
    (0.4612306153076538 (0.59 -0.028 0.0))
    (0.46223111555777885 (0.59 -0.028 0.0))
    (0.4632316158079039 (0.59 -0.028 0.0))
    (0.464232116058029 (0.59 -0.028 0.0))
    (0.46523261630815405 (0.59 -0.028 0.0))
    (0.4662331165582791 (0.59 -0.028 0.0))
    (0.4672336168084042 (0.59 -0.028 0.0))
    (0.46823411705852924 (0.59 -0.028 0.0))
    (0.4692346173086543 (0.59 -0.028 0.0))
    (0.47023511755877934 (0.59 -0.028 0.0))
    (0.47123561780890444 (0.59 -0.028 0.0))
    (0.4722361180590295 (0.59 -0.028 0.0))
    (0.47323661830915453 (0.59 -0.028 0.0))
    (0.4742371185592796 (0.59 -0.028 0.0))
    (0.4752376188094047 (0.59 -0.028 0.0))
    (0.47623811905952973 (0.59 -0.028 0.0))
    (0.4772386193096548 (0.59 -0.028 0.0))
    (0.4782391195597799 (0.59 -0.028 0.0))
    (0.4792396198099049 (0.59 -0.028 0.0))
    (0.48024012006003 (0.59 -0.028 0.0))
    (0.481240620310155 (0.59 -0.028 0.0))
    (0.4822411205602801 (0.59 -0.028 0.0))
    (0.48324162081040517 (0.59 -0.028 0.0))
    (0.4842421210605302 (0.59 -0.028 0.0))
    (0.4852426213106553 (0.59 -0.028 0.0))
    (0.48624312156078037 (0.59 -0.028 0.0))
    (0.4872436218109054 (0.59 -0.028 0.0))
    (0.48824412206103046 (0.59 -0.028 0.0))
    (0.48924462231115556 (0.59 -0.028 0.0))
    (0.4902451225612806 (0.59 -0.028 0.0))
    (0.49124562281140566 (0.59 -0.028 0.0))
    (0.4922461230615307 (0.59 -0.028 0.0))
    (0.4932466233116558 (0.59 -0.028 0.0))
    (0.49424712356178085 (0.59 -0.028 0.0))
    (0.4952476238119059 (0.59 -0.028 0.0))
    (0.496248124062031 (0.59 -0.028 0.0))
    (0.49724862431215605 (0.59 -0.028 0.0))
    (0.4982491245622811 (0.59 -0.028 0.0))
    (0.49924962481240615 (0.59 -0.028 0.0))
    (0.5002501250625312 (0.59 -0.028 0.0))
    (0.5012506253126563 (0.59 -0.028 0.0))
    (0.5022511255627814 (0.59 -0.028 0.0))
    (0.5032516258129064 (0.59 -0.028 0.0))
    (0.5042521260630315 (0.59 -0.028 0.0))
    (0.5052526263131566 (0.59 -0.028 0.0))
    (0.5062531265632816 (0.59 -0.028 0.0))
    (0.5072536268134067 (0.59 -0.028 0.0))
    (0.5082541270635317 (0.59 -0.028 0.0))
    (0.5092546273136568 (0.59 -0.028 0.0))
    (0.5102551275637819 (0.59 -0.028 0.0))
    (0.5112556278139069 (0.59 -0.028 0.0))
    (0.512256128064032 (0.59 -0.028 0.0))
    (0.5132566283141571 (0.59 -0.028 0.0))
    (0.5142571285642821 (0.59 -0.028 0.0))
    (0.5152576288144072 (0.59 -0.028 0.0))
    (0.5162581290645323 (0.59 -0.028 0.0))
    (0.5172586293146573 (0.59 -0.028 0.0))
    (0.5182591295647824 (0.59 -0.028 0.0))
    (0.5192596298149074 (0.59 -0.028 0.0))
    (0.5202601300650325 (0.59 -0.028 0.0))
    (0.5212606303151576 (0.59 -0.028 0.0))
    (0.5222611305652826 (0.59 -0.028 0.0))
    (0.5232616308154077 (0.59 -0.028 0.0))
    (0.5242621310655328 (0.59 -0.028 0.0))
    (0.5252626313156578 (0.59 -0.028 0.0))
    (0.5262631315657829 (0.59 -0.028 0.0))
    (0.527263631815908 (0.59 -0.028 0.0))
    (0.528264132066033 (0.59 -0.028 0.0))
    (0.5292646323161581 (0.59 -0.028 0.0))
    (0.530265132566283 (0.59 -0.028 0.0))
    (0.5312656328164082 (0.59 -0.028 0.0))
    (0.5322661330665333 (0.59 -0.028 0.0))
    (0.5332666333166582 (0.59 -0.028 0.0))
    (0.5342671335667833 (0.59 -0.028 0.0))
    (0.5352676338169085 (0.59 -0.028 0.0))
    (0.5362681340670334 (0.59 -0.028 0.0))
    (0.5372686343171585 (0.59 -0.028 0.0))
    (0.5382691345672836 (0.59 -0.028 0.0))
    (0.5392696348174086 (0.59 -0.028 0.0))
    (0.5402701350675337 (0.59 -0.028 0.0))
    (0.5412706353176588 (0.59 -0.028 0.0))
    (0.5422711355677838 (0.59 -0.028 0.0))
    (0.5432716358179089 (0.59 -0.028 0.0))
    (0.5442721360680339 (0.59 -0.028 0.0))
    (0.545272636318159 (0.59 -0.028 0.0))
    (0.5462731365682841 (0.59 -0.028 0.0))
    (0.5472736368184091 (0.59 -0.028 0.0))
    (0.5482741370685342 (0.59 -0.028 0.0))
    (0.5492746373186593 (0.59 -0.028 0.0))
    (0.5502751375687843 (0.59 -0.028 0.0))
    (0.5512756378189094 (0.59 -0.028 0.0))
    (0.5522761380690345 (0.59 -0.028 0.0))
    (0.5532766383191595 (0.59 -0.028 0.0))
    (0.5542771385692846 (0.59 -0.028 0.0))
    (0.5552776388194096 (0.59 -0.028 0.0))
    (0.5562781390695347 (0.59 -0.028 0.0))
    (0.5572786393196598 (0.59 -0.028 0.0))
    (0.5582791395697848 (0.59 -0.028 0.0))
    (0.5592796398199099 (0.59 -0.028 0.0))
    (0.560280140070035 (0.59 -0.028 0.0))
    (0.56128064032016 (0.59 -0.028 0.0))
    (0.5622811405702851 (0.59 -0.028 0.0))
    (0.5632816408204102 (0.59 -0.028 0.0))
    (0.5642821410705352 (0.59 -0.028 0.0))
    (0.5652826413206603 (0.59 -0.028 0.0))
    (0.5662831415707853 (0.59 -0.028 0.0))
    (0.5672836418209104 (0.59 -0.028 0.0))
    (0.5682841420710355 (0.59 -0.028 0.0))
    (0.5692846423211605 (0.59 -0.028 0.0))
    (0.5702851425712856 (0.59 -0.028 0.0))
    (0.5712856428214107 (0.59 -0.028 0.0))
    (0.5722861430715357 (0.59 -0.028 0.0))
    (0.5732866433216608 (0.59 -0.028 0.0))
    (0.5742871435717859 (0.59 -0.028 0.0))
    (0.5752876438219109 (0.59 -0.028 0.0))
    (0.576288144072036 (0.59 -0.028 0.0))
    (0.5772886443221611 (0.59 -0.028 0.0))
    (0.5782891445722861 (0.59 -0.028 0.0))
    (0.5792896448224112 (0.59 -0.028 0.0))
    (0.5802901450725362 (0.59 -0.028 0.0))
    (0.5812906453226613 (0.59 -0.028 0.0))
    (0.5822911455727864 (0.59 -0.028 0.0))
    (0.5832916458229114 (0.59 -0.028 0.0))
    (0.5842921460730365 (0.59 -0.028 0.0))
    (0.5852926463231616 (0.59 -0.028 0.0))
    (0.5862931465732866 (0.59 -0.028 0.0))
    (0.5872936468234117 (0.59 -0.028 0.0))
    (0.5882941470735368 (0.59 -0.028 0.0))
    (0.5892946473236618 (0.59 -0.028 0.0))
    (0.5902951475737869 (0.59 -0.028 0.0))
    (0.5912956478239119 (0.59 -0.028 0.0))
    (0.592296148074037 (0.59 -0.028 0.0))
    (0.5932966483241621 (0.59 -0.028 0.0))
    (0.5942971485742871 (0.59 -0.028 0.0))
    (0.5952976488244122 (0.59 -0.028 0.0))
    (0.5962981490745373 (0.59 -0.028 0.0))
    (0.5972986493246623 (0.59 -0.028 0.0))
    (0.5982991495747874 (0.59 -0.028 0.0))
    (0.5992996498249125 (0.59 -0.028 0.0))
    (0.6003001500750375 (0.59 -0.028 0.0))
    (0.6013006503251626 (0.59 -0.028 0.0))
    (0.6023011505752875 (0.59 -0.028 0.0))
    (0.6033016508254126 (0.59 -0.028 0.0))
    (0.6043021510755378 (0.59 -0.028 0.0))
    (0.6053026513256627 (0.59 -0.028 0.0))
    (0.6063031515757878 (0.59 -0.028 0.0))
    (0.607303651825913 (0.59 -0.028 0.0))
    (0.6083041520760379 (0.59 -0.028 0.0))
    (0.609304652326163 (0.59 -0.028 0.0))
    (0.6103051525762881 (0.59 -0.028 0.0))
    (0.6113056528264131 (0.59 -0.028 0.0))
    (0.6123061530765382 (0.59 -0.028 0.0))
    (0.6133066533266633 (0.59 -0.028 0.0))
    (0.6143071535767883 (0.59 -0.028 0.0))
    (0.6153076538269134 (0.59 -0.028 0.0))
    (0.6163081540770384 (0.59 -0.028 0.0))
    (0.6173086543271635 (0.59 -0.028 0.0))
    (0.6183091545772886 (0.59 -0.028 0.0))
    (0.6193096548274136 (0.59 -0.028 0.0))
    (0.6203101550775387 (0.59 -0.028 0.0))
    (0.6213106553276638 (0.59 -0.028 0.0))
    (0.6223111555777888 (0.59 -0.028 0.0))
    (0.6233116558279139 (0.59 -0.028 0.0))
    (0.624312156078039 (0.59 -0.028 0.0))
    (0.625312656328164 (0.59 -0.028 0.0))
    (0.6263131565782891 (0.59 -0.028 0.0))
    (0.6273136568284141 (0.59 -0.028 0.0))
    (0.6283141570785392 (0.59 -0.028 0.0))
    (0.6293146573286643 (0.59 -0.028 0.0))
    (0.6303151575787893 (0.59 -0.028 0.0))
    (0.6313156578289144 (0.59 -0.028 0.0))
    (0.6323161580790395 (0.59 -0.028 0.0))
    (0.6333166583291645 (0.59 -0.028 0.0))
    (0.6343171585792896 (0.59 -0.028 0.0))
    (0.6353176588294147 (0.59 -0.028 0.0))
    (0.6363181590795397 (0.59 -0.028 0.0))
    (0.6373186593296648 (0.59 -0.028 0.0))
    (0.6383191595797898 (0.59 -0.028 0.0))
    (0.6393196598299149 (0.59 -0.028 0.0))
    (0.64032016008004 (0.59 -0.028 0.0))
    (0.641320660330165 (0.59 -0.028 0.0))
    (0.6423211605802901 (0.59 -0.028 0.0))
    (0.6433216608304152 (0.59 -0.028 0.0))
    (0.6443221610805402 (0.59 -0.028 0.0))
    (0.6453226613306653 (0.59 -0.028 0.0))
    (0.6463231615807904 (0.59 -0.028 0.0))
    (0.6473236618309154 (0.59 -0.028 0.0))
    (0.6483241620810405 (0.59 -0.028 0.0))
    (0.6493246623311655 (0.59 -0.028 0.0))
    (0.6503251625812906 (0.59 -0.028 0.0))
    (0.6513256628314157 (0.59 -0.028 0.0))
    (0.6523261630815407 (0.59 -0.028 0.0))
    (0.6533266633316658 (0.59 -0.028 0.0))
    (0.6543271635817909 (0.59 -0.028 0.0))
    (0.6553276638319159 (0.59 -0.028 0.0))
    (0.656328164082041 (0.59 -0.028 0.0))
    (0.6573286643321661 (0.59 -0.028 0.0))
    (0.6583291645822911 (0.59 -0.028 0.0))
    (0.6593296648324162 (0.59 -0.028 0.0))
    (0.6603301650825413 (0.59 -0.028 0.0))
    (0.6613306653326663 (0.59 -0.028 0.0))
    (0.6623311655827914 (0.59 -0.028 0.0))
    (0.6633316658329164 (0.59 -0.028 0.0))
    (0.6643321660830415 (0.59 -0.028 0.0))
    (0.6653326663331666 (0.59 -0.028 0.0))
    (0.6663331665832916 (0.59 -0.028 0.0))
    (0.6673336668334167 (0.59 -0.028 0.0))
    (0.6683341670835418 (0.59 -0.028 0.0))
    (0.6693346673336668 (0.59 -0.028 0.0))
    (0.6703351675837919 (0.59 -0.028 0.0))
    (0.671335667833917 (0.59 -0.028 0.0))
    (0.672336168084042 (0.59 -0.028 0.0))
    (0.673336668334167 (0.59 -0.028 0.0))
    (0.674337168584292 (0.59 -0.028 0.0))
    (0.6753376688344171 (0.59 -0.028 0.0))
    (0.6763381690845423 (0.59 -0.028 0.0))
    (0.6773386693346672 (0.59 -0.028 0.0))
    (0.6783391695847923 (0.59 -0.028 0.0))
    (0.6793396698349174 (0.59 -0.028 0.0))
    (0.6803401700850424 (0.59 -0.028 0.0))
    (0.6813406703351675 (0.59 -0.028 0.0))
    (0.6823411705852926 (0.59 -0.028 0.0))
    (0.6833416708354176 (0.59 -0.028 0.0))
    (0.6843421710855427 (0.59 -0.028 0.0))
    (0.6853426713356677 (0.59 -0.028 0.0))
    (0.6863431715857928 (0.59 -0.028 0.0))
    (0.6873436718359179 (0.59 -0.028 0.0))
    (0.6883441720860429 (0.59 -0.028 0.0))
    (0.689344672336168 (0.59 -0.028 0.0))
    (0.6903451725862931 (0.59 -0.028 0.0))
    (0.6913456728364181 (0.59 -0.028 0.0))
    (0.6923461730865432 (0.59 -0.028 0.0))
    (0.6933466733366683 (0.59 -0.028 0.0))
    (0.6943471735867933 (0.59 -0.028 0.0))
    (0.6953476738369184 (0.59 -0.028 0.0))
    (0.6963481740870435 (0.59 -0.028 0.0))
    (0.6973486743371685 (0.59 -0.028 0.0))
    (0.6983491745872936 (0.59 -0.028 0.0))
    (0.6993496748374186 (0.59 -0.028 0.0))
    (0.7003501750875437 (0.59 -0.028 0.0))
    (0.7013506753376688 (0.59 -0.028 0.0))
    (0.7023511755877938 (0.59 -0.028 0.0))
    (0.7033516758379189 (0.59 -0.028 0.0))
    (0.704352176088044 (0.59 -0.028 0.0))
    (0.705352676338169 (0.59 -0.028 0.0))
    (0.7063531765882941 (0.59 -0.028 0.0))
    (0.7073536768384192 (0.59 -0.028 0.0))
    (0.7083541770885442 (0.59 -0.028 0.0))
    (0.7093546773386693 (0.59 -0.028 0.0))
    (0.7103551775887943 (0.59 -0.028 0.0))
    (0.7113556778389194 (0.59 -0.028 0.0))
    (0.7123561780890445 (0.59 -0.028 0.0))
    (0.7133566783391695 (0.59 -0.028 0.0))
    (0.7143571785892946 (0.59 -0.028 0.0))
    (0.7153576788394197 (0.59 -0.028 0.0))
    (0.7163581790895447 (0.59 -0.028 0.0))
    (0.7173586793396698 (0.59 -0.028 0.0))
    (0.7183591795897949 (0.59 -0.028 0.0))
    (0.7193596798399199 (0.59 -0.028 0.0))
    (0.720360180090045 (0.59 -0.028 0.0))
    (0.72136068034017 (0.59 -0.028 0.0))
    (0.7223611805902951 (0.59 -0.028 0.0))
    (0.7233616808404202 (0.59 -0.028 0.0))
    (0.7243621810905452 (0.59 -0.028 0.0))
    (0.7253626813406703 (0.59 -0.028 0.0))
    (0.7263631815907954 (0.59 -0.028 0.0))
    (0.7273636818409204 (0.59 -0.028 0.0))
    (0.7283641820910455 (0.59 -0.028 0.0))
    (0.7293646823411706 (0.59 -0.028 0.0))
    (0.7303651825912956 (0.59 -0.028 0.0))
    (0.7313656828414207 (0.59 -0.028 0.0))
    (0.7323661830915458 (0.59 -0.028 0.0))
    (0.7333666833416708 (0.59 -0.028 0.0))
    (0.7343671835917959 (0.59 -0.028 0.0))
    (0.7353676838419209 (0.59 -0.028 0.0))
    (0.736368184092046 (0.59 -0.028 0.0))
    (0.7373686843421711 (0.59 -0.028 0.0))
    (0.7383691845922961 (0.59 -0.028 0.0))
    (0.7393696848424212 (0.59 -0.028 0.0))
    (0.7403701850925463 (0.59 -0.028 0.0))
    (0.7413706853426713 (0.59 -0.028 0.0))
    (0.7423711855927964 (0.59 -0.028 0.0))
    (0.7433716858429215 (0.59 -0.028 0.0))
    (0.7443721860930465 (0.59 -0.028 0.0))
    (0.7453726863431716 (0.59 -0.028 0.0))
    (0.7463731865932965 (0.59 -0.028 0.0))
    (0.7473736868434216 (0.59 -0.028 0.0))
    (0.7483741870935467 (0.59 -0.028 0.0))
    (0.7493746873436717 (0.59 -0.028 0.0))
    (0.7503751875937968 (0.59 -0.028 0.0))
    (0.751375687843922 (0.59 -0.028 0.0))
    (0.7523761880940469 (0.59 -0.028 0.0))
    (0.753376688344172 (0.59 -0.028 0.0))
    (0.7543771885942971 (0.59 -0.028 0.0))
    (0.7553776888444221 (0.59 -0.028 0.0))
    (0.7563781890945472 (0.59 -0.028 0.0))
    (0.7573786893446722 (0.59 -0.028 0.0))
    (0.7583791895947973 (0.59 -0.028 0.0))
    (0.7593796898449224 (0.59 -0.028 0.0))
    (0.7603801900950474 (0.59 -0.028 0.0))
    (0.7613806903451725 (0.59 -0.028 0.0))
    (0.7623811905952976 (0.59 -0.028 0.0))
    (0.7633816908454226 (0.59 -0.028 0.0))
    (0.7643821910955477 (0.59 -0.028 0.0))
    (0.7653826913456728 (0.59 -0.028 0.0))
    (0.7663831915957978 (0.59 -0.028 0.0))
    (0.7673836918459229 (0.59 -0.028 0.0))
    (0.7683841920960479 (0.59 -0.028 0.0))
    (0.769384692346173 (0.59 -0.028 0.0))
    (0.7703851925962981 (0.59 -0.028 0.0))
    (0.7713856928464231 (0.59 -0.028 0.0))
    (0.7723861930965482 (0.59 -0.028 0.0))
    (0.7733866933466733 (0.59 -0.028 0.0))
    (0.7743871935967983 (0.59 -0.028 0.0))
    (0.7753876938469234 (0.59 -0.028 0.0))
    (0.7763881940970485 (0.59 -0.028 0.0))
    (0.7773886943471735 (0.59 -0.028 0.0))
    (0.7783891945972986 (0.59 -0.028 0.0))
    (0.7793896948474237 (0.59 -0.028 0.0))
    (0.7803901950975487 (0.59 -0.028 0.0))
    (0.7813906953476738 (0.59 -0.028 0.0))
    (0.7823911955977988 (0.59 -0.028 0.0))
    (0.7833916958479239 (0.59 -0.028 0.0))
    (0.784392196098049 (0.59 -0.028 0.0))
    (0.785392696348174 (0.59 -0.028 0.0))
    (0.7863931965982991 (0.59 -0.028 0.0))
    (0.7873936968484242 (0.59 -0.028 0.0))
    (0.7883941970985492 (0.59 -0.028 0.0))
    (0.7893946973486743 (0.59 -0.028 0.0))
    (0.7903951975987994 (0.59 -0.028 0.0))
    (0.7913956978489244 (0.59 -0.028 0.0))
    (0.7923961980990495 (0.59 -0.028 0.0))
    (0.7933966983491745 (0.59 -0.028 0.0))
    (0.7943971985992996 (0.59 -0.028 0.0))
    (0.7953976988494247 (0.59 -0.028 0.0))
    (0.7963981990995497 (0.59 -0.028 0.0))
    (0.7973986993496748 (0.59 -0.028 0.0))
    (0.7983991995997999 (0.59 -0.028 0.0))
    (0.7993996998499249 (0.59 -0.028 0.0))
    (0.80040020010005 (0.59 -0.028 0.0))
    (0.8014007003501751 (0.59 -0.028 0.0))
    (0.8024012006003001 (0.59 -0.028 0.0))
    (0.8034017008504252 (0.59 -0.028 0.0))
    (0.8044022011005502 (0.59 -0.028 0.0))
    (0.8054027013506753 (0.59 -0.028 0.0))
    (0.8064032016008004 (0.59 -0.028 0.0))
    (0.8074037018509254 (0.59 -0.028 0.0))
    (0.8084042021010505 (0.59 -0.028 0.0))
    (0.8094047023511756 (0.59 -0.028 0.0))
    (0.8104052026013006 (0.59 -0.028 0.0))
    (0.8114057028514257 (0.59 -0.028 0.0))
    (0.8124062031015508 (0.59 -0.028 0.0))
    (0.8134067033516758 (0.59 -0.028 0.0))
    (0.8144072036018009 (0.59 -0.028 0.0))
    (0.815407703851926 (0.59 -0.028 0.0))
    (0.816408204102051 (0.59 -0.028 0.0))
    (0.817408704352176 (0.59 -0.028 0.0))
    (0.818409204602301 (0.59 -0.028 0.0))
    (0.8194097048524261 (0.59 -0.028 0.0))
    (0.8204102051025512 (0.59 -0.028 0.0))
    (0.8214107053526762 (0.59 -0.028 0.0))
    (0.8224112056028013 (0.59 -0.028 0.0))
    (0.8234117058529264 (0.59 -0.028 0.0))
    (0.8244122061030514 (0.59 -0.028 0.0))
    (0.8254127063531765 (0.59 -0.028 0.0))
    (0.8264132066033016 (0.59 -0.028 0.0))
    (0.8274137068534266 (0.59 -0.028 0.0))
    (0.8284142071035517 (0.59 -0.028 0.0))
    (0.8294147073536767 (0.59 -0.028 0.0))
    (0.8304152076038018 (0.59 -0.028 0.0))
    (0.8314157078539269 (0.59 -0.028 0.0))
    (0.8324162081040519 (0.59 -0.028 0.0))
    (0.833416708354177 (0.59 -0.028 0.0))
    (0.8344172086043021 (0.59 -0.028 0.0))
    (0.8354177088544271 (0.59 -0.028 0.0))
    (0.8364182091045522 (0.59 -0.028 0.0))
    (0.8374187093546773 (0.59 -0.028 0.0))
    (0.8384192096048023 (0.59 -0.028 0.0))
    (0.8394197098549274 (0.59 -0.028 0.0))
    (0.8404202101050524 (0.59 -0.028 0.0))
    (0.8414207103551775 (0.59 -0.028 0.0))
    (0.8424212106053026 (0.59 -0.028 0.0))
    (0.8434217108554276 (0.59 -0.028118242156226665 0.0))
    (0.8444222111055527 (0.59 -0.028327772453097016 0.0))
    (0.8454227113556778 (0.59 -0.028537266770053634 0.0))
    (0.8464232116058028 (0.59 -0.028746702110693412 0.0))
    (0.8474237118559279 (0.59 -0.028956055485087204 0.0))
    (0.848424212106053 (0.59 -0.029165303912303306 0.0))
    (0.849424712356178 (0.59 -0.029374424422930177 0.0))
    (0.8504252126063031 (0.59 -0.029583394061597882 0.0))
    (0.8514257128564282 (0.59 -0.029792189889497774 0.0))
    (0.8524262131065532 (0.59 -0.030000788986900596 0.0))
    (0.8534267133566783 (0.59 -0.030209168455672473 0.0))
    (0.8544272136068033 (0.59 -0.030417305421788277 0.0))
    (0.8554277138569284 (0.59 -0.030625177037842753 0.0))
    (0.8564282141070535 (0.59 -0.030832760485558306 0.0))
    (0.8574287143571785 (0.59 -0.031040032978289885 0.0))
    (0.8584292146073036 (0.59 -0.031246971763526338 0.0))
    (0.8594297148574287 (0.59 -0.03145355412538786 0.0))
    (0.8604302151075537 (0.59 -0.031659757387119604 0.0))
    (0.8614307153576788 (0.59 -0.03186555891358099 0.0))
    (0.8624312156078039 (0.59 -0.032070936113730256 0.0))
    (0.8634317158579289 (0.59 -0.03227586644310437 0.0))
    (0.864432216108054 (0.59 -0.032480327406293835 0.0))
    (0.865432716358179 (0.59 -0.03268429655941185 0.0))
    (0.8664332166083041 (0.59 -0.032887751512558204 0.0))
    (0.8674337168584292 (0.59 -0.033090669932276856 0.0))
    (0.8684342171085542 (0.59 -0.0332930295440076 0.0))
    (0.8694347173586793 (0.59 -0.0334948081345312 0.0))
    (0.8704352176088044 (0.59 -0.03369598355440764 0.0))
    (0.8714357178589294 (0.59 -0.033896533720407566 0.0))
    (0.8724362181090545 (0.59 -0.03409643661793644 0.0))
    (0.8734367183591796 (0.59 -0.03429567030345096 0.0))
    (0.8744372186093046 (0.59 -0.03449421290686792 0.0))
    (0.8754377188594297 (0.59 -0.03469204263396494 0.0))
    (0.8764382191095547 (0.59 -0.03488913776877274 0.0))
    (0.8774387193596798 (0.59 -0.03508547667595903 0.0))
    (0.8784392196098049 (0.59 -0.03528103780320334 0.0))
    (0.8794397198599299 (0.59 -0.0354757996835629 0.0))
    (0.880440220110055 (0.59 -0.03566974093782914 0.0))
    (0.8814407203601801 (0.59 -0.035862840276874364 0.0))
    (0.882441220610305 (0.59 -0.03605507650398879 0.0))
    (0.8834417208604302 (0.59 -0.036246428517207344 0.0))
    (0.8844422211105553 (0.59 -0.03643687531162596 0.0))
    (0.8854427213606803 (0.59 -0.036626395981707346 0.0))
    (0.8864432216108054 (0.59 -0.03681496972357589 0.0))
    (0.8874437218609305 (0.59 -0.03700257583730116 0.0))
    (0.8884442221110554 (0.59 -0.037189193729170275 0.0))
    (0.8894447223611806 (0.59 -0.0373748029139485 0.0))
    (0.8904452226113055 (0.59 -0.03755938301712784 0.0))
    (0.8914457228614306 (0.59 -0.0377429137771637 0.0))
    (0.8924462231115557 (0.59 -0.03792537504769887 0.0))
    (0.8934467233616807 (0.59 -0.03810674679977511 0.0))
    (0.8944472236118058 (0.59 -0.03828700912403177 0.0))
    (0.8954477238619309 (0.59 -0.03846614223289113 0.0))
    (0.8964482241120559 (0.59 -0.038644126462730646 0.0))
    (0.897448724362181 (0.59 -0.03882094227604138 0.0))
    (0.8984492246123061 (0.59 -0.03899657026357264 0.0))
    (0.8994497248624311 (0.59 -0.03917099114646256 0.0))
    (0.9004502251125562 (0.59 -0.039344185778354426 0.0))
    (0.9014507253626812 (0.59 -0.03951613514749827 0.0))
    (0.9024512256128063 (0.59 -0.039686820378837945 0.0))
    (0.9034517258629314 (0.59 -0.03985622273608293 0.0))
    (0.9044522261130564 (0.59 -0.04002432362376509 0.0))
    (0.9054527263631815 (0.59 -0.040191104589279984 0.0))
    (0.9064532266133066 (0.59 -0.040356547324912305 0.0))
    (0.9074537268634316 (0.59 -0.04052063366984559 0.0))
    (0.9084542271135567 (0.59 -0.04068334561215581 0.0))
    (0.9094547273636818 (0.59 -0.04084466529078845 0.0))
    (0.9104552276138068 (0.59 -0.041004574997519194 0.0))
    (0.9114557278639319 (0.59 -0.0411630571788978 0.0))
    (0.9124562281140569 (0.59 -0.041320094438174894 0.0))
    (0.913456728364182 (0.59 -0.04147566953721169 0.0))
    (0.9144572286143071 (0.59 -0.04162976539837218 0.0))
    (0.9154577288644321 (0.59 -0.04178236510639781 0.0))
    (0.9164582291145572 (0.59 -0.041933451910264284 0.0))
    (0.9174587293646823 (0.59 -0.0420830092250203 0.0))
    (0.9184592296148073 (0.59 -0.042231020633608125 0.0))
    (0.9194597298649324 (0.59 -0.04237746988866574 0.0))
    (0.9204602301150575 (0.59 -0.04252234091431027 0.0))
    (0.9214607303651825 (0.59 -0.042665617807902664 0.0))
    (0.9224612306153076 (0.59 -0.04280728484179343 0.0))
    (0.9234617308654326 (0.59 -0.042947326465048896 0.0))
    (0.9244622311155577 (0.59 -0.04308572730515847 0.0))
    (0.9254627313656828 (0.59 -0.04322247216972192 0.0))
    (0.9264632316158078 (0.59 -0.04335754604811712 0.0))
    (0.9274637318659329 (0.59 -0.04349093411314783 0.0))
    (0.928464232116058 (0.59 -0.04362262172267122 0.0))
    (0.929464732366183 (0.59 -0.04375259442120517 0.0))
    (0.9304652326163081 (0.59 -0.04388083794151511 0.0))
    (0.9314657328664332 (0.59 -0.04400733820618007 0.0))
    (0.9324662331165582 (0.59 -0.044132081329138054 0.0))
    (0.9334667333666833 (0.59 -0.044255053617210265 0.0))
    (0.9344672336168084 (0.59 -0.04437624157160426 0.0))
    (0.9354677338669334 (0.59 -0.04449563188939567 0.0))
    (0.9364682341170585 (0.59 -0.044613211464988575 0.0))
    (0.9374687343671835 (0.59 -0.044728967391554006 0.0))
    (0.9384692346173086 (0.59 -0.04484288696244683 0.0))
    (0.9394697348674337 (0.59 -0.04495495767260051 0.0))
    (0.9404702351175587 (0.59 -0.04506516721989981 0.0))
    (0.9414707353676838 (0.59 -0.04517350350653126 0.0))
    (0.9424712356178089 (0.59 -0.045279954640311086 0.0))
    (0.9434717358679339 (0.59 -0.04538450893599064 0.0))
    (0.944472236118059 (0.59 -0.04548715491653915 0.0))
    (0.9454727363681841 (0.59 -0.045587881314403486 0.0))
    (0.9464732366183091 (0.59 -0.045686677072745055 0.0))
    (0.9474737368684342 (0.59 -0.04578353134665355 0.0))
    (0.9484742371185592 (0.59 -0.04587843350433732 0.0))
    (0.9494747373686843 (0.59 -0.04597137312829056 0.0))
    (0.9504752376188094 (0.59 -0.04606234001643671 0.0))
    (0.9514757378689344 (0.59 -0.046151324183248445 0.0))
    (0.9524762381190595 (0.59 -0.04623831586084377 0.0))
    (0.9534767383691846 (0.59 -0.04632330550005823 0.0))
    (0.9544772386193096 (0.59 -0.04640628377149316 0.0))
    (0.9554777388694347 (0.59 -0.04648724156653978 0.0))
    (0.9564782391195598 (0.59 -0.04656616999837902 0.0))
    (0.9574787393696848 (0.59 -0.04664306040295708 0.0))
    (0.9584792396198099 (0.59 -0.046717904339936486 0.0))
    (0.9594797398699348 (0.59 -0.04679069359362254 0.0))
    (0.96048024012006 (0.59 -0.04686142017386527 0.0))
    (0.961480740370185 (0.59 -0.0469300763169364 0.0))
    (0.96248124062031 (0.59 -0.046996654486381656 0.0))
    (0.9634817408704351 (0.59 -0.04706114737384804 0.0))
    (0.9644822411205602 (0.59 -0.04712354789988605 0.0))
    (0.9654827413706852 (0.59 -0.04718384921472682 0.0))
    (0.9664832416208103 (0.59 -0.047242044699034036 0.0))
    (0.9674837418709354 (0.59 -0.04729812796463051 0.0))
    (0.9684842421210604 (0.59 -0.04735209285519944 0.0))
    (0.9694847423711855 (0.59 -0.04740393344696021 0.0))
    (0.9704852426213106 (0.59 -0.04745364404931862 0.0))
    (0.9714857428714356 (0.59 -0.047501219205491566 0.0))
    (0.9724862431215607 (0.59 -0.047546653693106025 0.0))
    (0.9734867433716857 (0.59 -0.04758994252477234 0.0))
    (0.9744872436218108 (0.59 -0.04763108094863167 0.0))
    (0.9754877438719359 (0.59 -0.04767006444887762 0.0))
    (0.9764882441220609 (0.59 -0.047706888746251924 0.0))
    (0.977488744372186 (0.59 -0.04774154979851421 0.0))
    (0.9784892446223111 (0.59 -0.047774043800885714 0.0))
    (0.9794897448724361 (0.59 -0.047804367186466926 0.0))
    (0.9804902451225612 (0.59 -0.04783251662662914 0.0))
    (0.9814907453726863 (0.59 -0.04785848903137983 0.0))
    (0.9824912456228113 (0.59 -0.04788228154970186 0.0))
    (0.9834917458729364 (0.59 -0.04790389156986642 0.0))
    (0.9844922461230614 (0.59 -0.04792331671971975 0.0))
    (0.9854927463731865 (0.59 -0.047940554866943486 0.0))
    (0.9864932466233116 (0.59 -0.04795560411928877 0.0))
    (0.9874937468734366 (0.59 -0.04796846282478397 0.0))
    (0.9884942471235617 (0.59 -0.04797912957191594 0.0))
    (0.9894947473736868 (0.59 -0.047987603189785094 0.0))
    (0.9904952476238118 (0.59 -0.04799388274823382 0.0))
    (0.9914957478739369 (0.59 -0.04799796755794861 0.0))
    (0.992496248124062 (0.59 -0.0479998571705358 0.0))
    (0.993496748374187 (0.59 -0.04799955137857069 0.0))
    (0.9944972486243121 (0.59 -0.047997050215620375 0.0))
    (0.9954977488744371 (0.59 -0.04799235395624004 0.0))
    (0.9964982491245622 (0.59 -0.04798546311594283 0.0))
    (0.9974987493746873 (0.59 -0.04797637845114326 0.0))
    (0.9984992496248123 (0.59 -0.047965100959074164 0.0))
    (0.9994997498749374 (0.59 -0.047951631877677266 0.0))
    (1.0005002501250624 (0.59 -0.047935972685467246 0.0))
    (1.0015007503751876 (0.59 -0.047918125101369474 0.0))
    (1.0025012506253126 (0.59 -0.047898091084531316 0.0))
    (1.0035017508754376 (0.59 -0.04787587283410706 0.0))
    (1.0045022511255628 (0.59 -0.047851472789016525 0.0))
    (1.0055027513756878 (0.59 -0.047824893627677355 0.0))
    (1.0065032516258128 (0.59 -0.047796138267710966 0.0))
    (1.007503751875938 (0.59 -0.04776520986562231 0.0))
    (1.008504252126063 (0.59 -0.047732111816453385 0.0))
    (1.009504752376188 (0.59 -0.04769684775341051 0.0))
    (1.0105052526263132 (0.59 -0.04765942154746555 0.0))
    (1.0115057528764382 (0.59 -0.047619837306931014 0.0))
    (1.0125062531265632 (0.59 -0.04757809937700901 0.0))
    (1.0135067533766882 (0.59 -0.04753421233931433 0.0))
    (1.0145072536268134 (0.59 -0.04748818101137149 0.0))
    (1.0155077538769384 (0.59 -0.04744001044608594 0.0))
    (1.0165082541270634 (0.59 -0.04738970593118933 0.0))
    (1.0175087543771886 (0.59 -0.047337272988659154 0.0))
    (1.0185092546273136 (0.59 -0.04728271737411257 0.0))
    (1.0195097548774386 (0.59 -0.04722604507617456 0.0))
    (1.0205102551275638 (0.59 -0.04716726231582057 0.0))
    (1.0215107553776888 (0.59 -0.04710637554569371 0.0))
    (1.0225112556278138 (0.59 -0.0470433914493963 0.0))
    (1.023511755877939 (0.59 -0.0469783169407563 0.0))
    (1.024512256128064 (0.59 -0.046911159163068365 0.0))
    (1.025512756378189 (0.59 -0.04684192548830968 0.0))
    (1.0265132566283142 (0.59 -0.046770623516330725 0.0))
    (1.0275137568784392 (0.59 -0.04669726107402114 0.0))
    (1.0285142571285641 (0.59 -0.046621846214450396 0.0))
    (1.0295147573786894 (0.59 -0.046544387215983904 0.0))
    (1.0305152576288144 (0.59 -0.04646489258137432 0.0))
    (1.0315157578789393 (0.59 -0.04638337103682806 0.0))
    (1.0325162581290646 (0.59 -0.04629983153104753 0.0))
    (1.0335167583791895 (0.59 -0.04621428323424881 0.0))
    (1.0345172586293145 (0.59 -0.04612673553715497 0.0))
    (1.0355177588794398 (0.59 -0.04603719804996524 0.0))
    (1.0365182591295647 (0.59 -0.04594568060130021 0.0))
    (1.0375187593796897 (0.59 -0.04585219323712277 0.0))
    (1.0385192596298147 (0.59 -0.045756746219635464 0.0))
    (1.03951975987994 (0.59 -0.045659350026153914 0.0))
    (1.040520260130065 (0.59 -0.04556001534795684 0.0))
    (1.04152076038019 (0.59 -0.04545875308911235 0.0))
    (1.0425212606303151 (0.59 -0.045355574365280975 0.0))
    (1.0435217608804401 (0.59 -0.04525049050249567 0.0))
    (1.0445222611305651 (0.59 -0.045143513035918306 0.0))
    (1.0455227613806903 (0.59 -0.045034653708573597 0.0))
    (1.0465232616308153 (0.59 -0.04492392447006006 0.0))
    (1.0475237618809403 (0.59 -0.04481133747523819 0.0))
    (1.0485242621310655 (0.59 -0.04469690508289627 0.0))
    (1.0495247623811905 (0.59 -0.04458063985439381 0.0))
    (1.0505252626313155 (0.59 -0.04446255455228253 0.0))
    (1.0515257628814407 (0.59 -0.044342662138905455 0.0))
    (1.0525262631315657 (0.59 -0.044220975774974136 0.0))
    (1.0535267633816907 (0.59 -0.044097508818123805 0.0))
    (1.054527263631816 (0.59 -0.04397227482144718 0.0))
    (1.055527763881941 (0.59 -0.043845287532006824 0.0))
    (1.056528264132066 (0.59 -0.0437165608893259 0.0))
    (1.0575287643821911 (0.59 -0.04358610902385817 0.0))
    (1.0585292646323161 (0.59 -0.04345394625543693 0.0))
    (1.059529764882441 (0.59 -0.04332008709170291 0.0))
    (1.060530265132566 (0.59 -0.04318454622651194 0.0))
    (1.0615307653826913 (0.59 -0.04304733853832184 0.0))
    (1.0625312656328163 (0.59 -0.04290847908855942 0.0))
    (1.0635317658829413 (0.59 -0.04276798311996691 0.0))
    (1.0645322661330665 (0.59 -0.042625866054928845 0.0))
    (1.0655327663831915 (0.59 -0.042482143493779295 0.0))
    (1.0665332666333165 (0.59 -0.04233683121308914 0.0))
    (1.0675337668834417 (0.59 -0.0421899451639344 0.0))
    (1.0685342671335667 (0.59 -0.042041501470145314 0.0))
    (1.0695347673836917 (0.59 -0.041891516426536296 0.0))
    (1.070535267633817 (0.59 -0.041740006497117246 0.0))
    (1.071535767883942 (0.59 -0.041586988313286465 0.0))
    (1.0725362681340669 (0.59 -0.041432478672004724 0.0))
    (1.073536768384192 (0.59 -0.041276494533951616 0.0))
    (1.074537268634317 (0.59 -0.04111905302166382 0.0))
    (1.075537768884442 (0.59 -0.04096017141765536 0.0))
    (1.0765382691345673 (0.59 -0.04079986716252061 0.0))
    (1.0775387693846923 (0.59 -0.04063815785301986 0.0))
    (1.0785392696348173 (0.59 -0.04047506124014756 0.0))
    (1.0795397698849425 (0.59 -0.04031059522718385 0.0))
    (1.0805402701350675 (0.59 -0.040144777867729416 0.0))
    (1.0815407703851925 (0.59 -0.039977627363723484 0.0))
    (1.0825412706353177 (0.59 -0.03980916206344593 0.0))
    (1.0835417708854427 (0.59 -0.03963940045950325 0.0))
    (1.0845422711355677 (0.59 -0.039468361186798404 0.0))
    (1.0855427713856927 (0.59 -0.03929606302048535 0.0))
    (1.0865432716358179 (0.59 -0.03912252487390806 0.0))
    (1.0875437718859429 (0.59 -0.0389477657965245 0.0))
    (1.0885442721360679 (0.59 -0.038771804971815337 0.0))
    (1.089544772386193 (0.59 -0.03859466171517825 0.0))
    (1.090545272636318 (0.59 -0.03841635547180779 0.0))
    (1.091545772886443 (0.59 -0.03823690581456061 0.0))
    (1.0925462731365683 (0.59 -0.03805633244180707 0.0))
    (1.0935467733866933 (0.59 -0.03787465517526903 0.0))
    (1.0945472736368183 (0.59 -0.03769189395784378 0.0))
    (1.0955477738869435 (0.59 -0.037508068851414986 0.0))
    (1.0965482741370685 (0.59 -0.0373232000346506 0.0))
    (1.0975487743871934 (0.59 -0.0371373078007876 0.0))
    (1.0985492746373187 (0.59 -0.03695041255540451 0.0))
    (1.0995497748874437 (0.59 -0.036762534814181534 0.0))
    (1.1005502751375686 (0.59 -0.036573695200648335 0.0))
    (1.1015507753876939 (0.59 -0.03638391444392027 0.0))
    (1.1025512756378189 (0.59 -0.03619321337642307 0.0))
    (1.1035517758879438 (0.59 -0.03600161293160575 0.0))
    (1.104552276138069 (0.59 -0.035809134141642926 0.0))
    (1.105552776388194 (0.59 -0.03561579813512616 0.0))
    (1.106553276638319 (0.59 -0.03542162613474439 0.0))
    (1.1075537768884443 (0.59 -0.035226639454954495 0.0))
    (1.1085542771385692 (0.59 -0.03503085949964161 0.0))
    (1.1095547773886942 (0.59 -0.03483430775976946 0.0))
    (1.1105552776388192 (0.59 -0.03463700581102132 0.0))
    (1.1115557778889444 (0.59 -0.03443897531143166 0.0))
    (1.1125562781390694 (0.59 -0.03424023799900881 0.0))
    (1.1135567783891944 (0.59 -0.03404081568934856 0.0))
    (1.1145572786393196 (0.59 -0.0338407302732395 0.0))
    (1.1155577788894446 (0.59 -0.03364000371426025 0.0))
    (1.1165582791395696 (0.59 -0.0334386580463682 0.0))
    (1.1175587793896948 (0.59 -0.0332367153714809 0.0))
    (1.1185592796398198 (0.59 -0.03303419785705019 0.0))
    (1.1195597798899448 (0.59 -0.03283112773362839 0.0))
    (1.12056028014007 (0.59 -0.03262752729242835 0.0))
    (1.121560780390195 (0.59 -0.03242341888287652 0.0))
    (1.12256128064032 (0.59 -0.03221882491015945 0.0))
    (1.1235617808904452 (0.59 -0.032013767832764425 0.0))
    (1.1245622811405702 (0.59 -0.031808270160014356 0.0))
    (1.1255627813906952 (0.59 -0.031602354449596595 0.0))
    (1.1265632816408204 (0.59 -0.031396043305086926 0.0))
    (1.1275637818909454 (0.59 -0.031189359373468464 0.0))
    (1.1285642821410704 (0.59 -0.0309823253426454 0.0))
    (1.1295647823911956 (0.59 -0.030774963938952696 0.0))
    (1.1305652826413206 (0.59 -0.030567297924661452 0.0))
    (1.1315657828914456 (0.59 -0.0303593500954801 0.0))
    (1.1325662831415706 (0.59 -0.030151143278052184 0.0))
    (1.1335667833916958 (0.59 -0.029942700327450614 0.0))
    (1.1345672836418208 (0.59 -0.02973404412466903 0.0))
    (1.1355677838919458 (0.59 -0.029525197574109815 0.0))
    (1.136568284142071 (0.59 -0.029316183601070054 0.0))
    (1.137568784392196 (0.59 -0.029107025149225065 0.0))
    (1.138569284642321 (0.59 -0.02889774517810965 0.0))
    (1.1395697848924462 (0.59 -0.02868836666059788 0.0))
    (1.1405702851425712 (0.59 -0.02847891258038151 0.0))
    (1.1415707853926962 (0.59 -0.028269405929446746 0.0))
    (1.1425712856428214 (0.59 -0.028059869705550557 0.0))
    (1.1435717858929464 (0.59 -0.028 0.0))
    (1.1445722861430714 (0.59 -0.028 0.0))
    (1.1455727863931966 (0.59 -0.028 0.0))
    (1.1465732866433216 (0.59 -0.028 0.0))
    (1.1475737868934466 (0.59 -0.028 0.0))
    (1.1485742871435718 (0.59 -0.028 0.0))
    (1.1495747873936968 (0.59 -0.028 0.0))
    (1.1505752876438218 (0.59 -0.028 0.0))
    (1.151575787893947 (0.59 -0.028 0.0))
    (1.152576288144072 (0.59 -0.028 0.0))
    (1.153576788394197 (0.59 -0.028 0.0))
    (1.1545772886443222 (0.59 -0.028 0.0))
    (1.1555777888944472 (0.59 -0.028 0.0))
    (1.1565782891445722 (0.59 -0.028 0.0))
    (1.1575787893946972 (0.59 -0.028 0.0))
    (1.1585792896448224 (0.59 -0.028 0.0))
    (1.1595797898949474 (0.59 -0.028 0.0))
    (1.1605802901450724 (0.59 -0.028 0.0))
    (1.1615807903951976 (0.59 -0.028 0.0))
    (1.1625812906453226 (0.59 -0.028 0.0))
    (1.1635817908954476 (0.59 -0.028 0.0))
    (1.1645822911455728 (0.59 -0.028 0.0))
    (1.1655827913956978 (0.59 -0.028 0.0))
    (1.1665832916458228 (0.59 -0.028 0.0))
    (1.167583791895948 (0.59 -0.028 0.0))
    (1.168584292146073 (0.59 -0.028 0.0))
    (1.169584792396198 (0.59 -0.028 0.0))
    (1.1705852926463232 (0.59 -0.028 0.0))
    (1.1715857928964482 (0.59 -0.028 0.0))
    (1.1725862931465731 (0.59 -0.028 0.0))
    (1.1735867933966984 (0.59 -0.028 0.0))
    (1.1745872936468233 (0.59 -0.028 0.0))
    (1.1755877938969483 (0.59 -0.028 0.0))
    (1.1765882941470736 (0.59 -0.028 0.0))
    (1.1775887943971985 (0.59 -0.028 0.0))
    (1.1785892946473235 (0.59 -0.028 0.0))
    (1.1795897948974485 (0.59 -0.028 0.0))
    (1.1805902951475737 (0.59 -0.028 0.0))
    (1.1815907953976987 (0.59 -0.028 0.0))
    (1.1825912956478237 (0.59 -0.028 0.0))
    (1.183591795897949 (0.59 -0.028 0.0))
    (1.184592296148074 (0.59 -0.028 0.0))
    (1.185592796398199 (0.59 -0.028 0.0))
    (1.1865932966483241 (0.59 -0.028 0.0))
    (1.1875937968984491 (0.59 -0.028 0.0))
    (1.1885942971485741 (0.59 -0.028 0.0))
    (1.1895947973986993 (0.59 -0.028 0.0))
    (1.1905952976488243 (0.59 -0.028 0.0))
    (1.1915957978989493 (0.59 -0.028 0.0))
    (1.1925962981490745 (0.59 -0.028 0.0))
    (1.1935967983991995 (0.59 -0.028 0.0))
    (1.1945972986493245 (0.59 -0.028 0.0))
    (1.1955977988994497 (0.59 -0.028 0.0))
    (1.1965982991495747 (0.59 -0.028 0.0))
    (1.1975987993996997 (0.59 -0.028 0.0))
    (1.198599299649825 (0.59 -0.028 0.0))
    (1.19959979989995 (0.59 -0.028 0.0))
    (1.200600300150075 (0.59 -0.028 0.0))
    (1.2016008004002001 (0.59 -0.028 0.0))
    (1.2026013006503251 (0.59 -0.028 0.0))
    (1.20360180090045 (0.59 -0.028 0.0))
    (1.204602301150575 (0.59 -0.028 0.0))
    (1.2056028014007003 (0.59 -0.028 0.0))
    (1.2066033016508253 (0.59 -0.028 0.0))
    (1.2076038019009503 (0.59 -0.028 0.0))
    (1.2086043021510755 (0.59 -0.028 0.0))
    (1.2096048024012005 (0.59 -0.028 0.0))
    (1.2106053026513255 (0.59 -0.028 0.0))
    (1.2116058029014507 (0.59 -0.028 0.0))
    (1.2126063031515757 (0.59 -0.028 0.0))
    (1.2136068034017007 (0.59 -0.028 0.0))
    (1.214607303651826 (0.59 -0.028 0.0))
    (1.215607803901951 (0.59 -0.028 0.0))
    (1.2166083041520759 (0.59 -0.028 0.0))
    (1.217608804402201 (0.59 -0.028 0.0))
    (1.218609304652326 (0.59 -0.028 0.0))
    (1.219609804902451 (0.59 -0.028 0.0))
    (1.2206103051525763 (0.59 -0.028 0.0))
    (1.2216108054027013 (0.59 -0.028 0.0))
    (1.2226113056528263 (0.59 -0.028 0.0))
    (1.2236118059029515 (0.59 -0.028 0.0))
    (1.2246123061530765 (0.59 -0.028 0.0))
    (1.2256128064032015 (0.59 -0.028 0.0))
    (1.2266133066533267 (0.59 -0.028 0.0))
    (1.2276138069034517 (0.59 -0.028 0.0))
    (1.2286143071535767 (0.59 -0.028 0.0))
    (1.2296148074037017 (0.59 -0.028 0.0))
    (1.2306153076538269 (0.59 -0.028 0.0))
    (1.2316158079039519 (0.59 -0.028 0.0))
    (1.2326163081540769 (0.59 -0.028 0.0))
    (1.233616808404202 (0.59 -0.028 0.0))
    (1.234617308654327 (0.59 -0.028 0.0))
    (1.235617808904452 (0.59 -0.028 0.0))
    (1.2366183091545773 (0.59 -0.028 0.0))
    (1.2376188094047023 (0.59 -0.028 0.0))
    (1.2386193096548272 (0.59 -0.028 0.0))
    (1.2396198099049525 (0.59 -0.028 0.0))
    (1.2406203101550775 (0.59 -0.028 0.0))
    (1.2416208104052024 (0.59 -0.028 0.0))
    (1.2426213106553277 (0.59 -0.028 0.0))
    (1.2436218109054527 (0.59 -0.028 0.0))
    (1.2446223111555776 (0.59 -0.028 0.0))
    (1.2456228114057029 (0.59 -0.028 0.0))
    (1.2466233116558278 (0.59 -0.028 0.0))
    (1.2476238119059528 (0.59 -0.028 0.0))
    (1.248624312156078 (0.59 -0.028 0.0))
    (1.249624812406203 (0.59 -0.028 0.0))
    (1.250625312656328 (0.59 -0.028 0.0))
    (1.251625812906453 (0.59 -0.028 0.0))
    (1.2526263131565782 (0.59 -0.028 0.0))
    (1.2536268134067032 (0.59 -0.028 0.0))
    (1.2546273136568282 (0.59 -0.028 0.0))
    (1.2556278139069534 (0.59 -0.028 0.0))
    (1.2566283141570784 (0.59 -0.028 0.0))
    (1.2576288144072034 (0.59 -0.028 0.0))
    (1.2586293146573286 (0.59 -0.028 0.0))
    (1.2596298149074536 (0.59 -0.028 0.0))
    (1.2606303151575786 (0.59 -0.028 0.0))
    (1.2616308154077038 (0.59 -0.028 0.0))
    (1.2626313156578288 (0.59 -0.028 0.0))
    (1.2636318159079538 (0.59 -0.028 0.0))
    (1.264632316158079 (0.59 -0.028 0.0))
    (1.265632816408204 (0.59 -0.028 0.0))
    (1.266633316658329 (0.59 -0.028 0.0))
    (1.2676338169084542 (0.59 -0.028 0.0))
    (1.2686343171585792 (0.59 -0.028 0.0))
    (1.2696348174087042 (0.59 -0.028 0.0))
    (1.2706353176588294 (0.59 -0.028 0.0))
    (1.2716358179089544 (0.59 -0.028 0.0))
    (1.2726363181590794 (0.59 -0.028 0.0))
    (1.2736368184092046 (0.59 -0.028 0.0))
    (1.2746373186593296 (0.59 -0.028 0.0))
    (1.2756378189094546 (0.59 -0.028 0.0))
    (1.2766383191595796 (0.59 -0.028 0.0))
    (1.2776388194097048 (0.59 -0.028 0.0))
    (1.2786393196598298 (0.59 -0.028 0.0))
    (1.2796398199099548 (0.59 -0.028 0.0))
    (1.28064032016008 (0.59 -0.028 0.0))
    (1.281640820410205 (0.59 -0.028 0.0))
    (1.28264132066033 (0.59 -0.028 0.0))
    (1.2836418209104552 (0.59 -0.028 0.0))
    (1.2846423211605802 (0.59 -0.028 0.0))
    (1.2856428214107052 (0.59 -0.028 0.0))
    (1.2866433216608304 (0.59 -0.028 0.0))
    (1.2876438219109554 (0.59 -0.028 0.0))
    (1.2886443221610804 (0.59 -0.028 0.0))
    (1.2896448224112056 (0.59 -0.028 0.0))
    (1.2906453226613306 (0.59 -0.028 0.0))
    (1.2916458229114556 (0.59 -0.028 0.0))
    (1.2926463231615808 (0.59 -0.028 0.0))
    (1.2936468234117058 (0.59 -0.028 0.0))
    (1.2946473236618308 (0.59 -0.028 0.0))
    (1.295647823911956 (0.59 -0.028 0.0))
    (1.296648324162081 (0.59 -0.028 0.0))
    (1.297648824412206 (0.59 -0.028 0.0))
    (1.298649324662331 (0.59 -0.028 0.0))
    (1.2996498249124562 (0.59 -0.028 0.0))
    (1.3006503251625812 (0.59 -0.028 0.0))
    (1.3016508254127062 (0.59 -0.028 0.0))
    (1.3026513256628314 (0.59 -0.028 0.0))
    (1.3036518259129564 (0.59 -0.028 0.0))
    (1.3046523261630814 (0.59 -0.028 0.0))
    (1.3056528264132066 (0.59 -0.028 0.0))
    (1.3066533266633316 (0.59 -0.028 0.0))
    (1.3076538269134566 (0.59 -0.028 0.0))
    (1.3086543271635818 (0.59 -0.028 0.0))
    (1.3096548274137068 (0.59 -0.028 0.0))
    (1.3106553276638317 (0.59 -0.028 0.0))
    (1.311655827913957 (0.59 -0.028 0.0))
    (1.312656328164082 (0.59 -0.028 0.0))
    (1.313656828414207 (0.59 -0.028 0.0))
    (1.3146573286643322 (0.59 -0.028 0.0))
    (1.3156578289144572 (0.59 -0.028 0.0))
    (1.3166583291645821 (0.59 -0.028 0.0))
    (1.3176588294147074 (0.59 -0.028 0.0))
    (1.3186593296648323 (0.59 -0.028 0.0))
    (1.3196598299149573 (0.59 -0.028 0.0))
    (1.3206603301650826 (0.59 -0.028 0.0))
    (1.3216608304152075 (0.59 -0.028 0.0))
    (1.3226613306653325 (0.59 -0.028 0.0))
    (1.3236618309154575 (0.59 -0.028 0.0))
    (1.3246623311655827 (0.59 -0.028 0.0))
    (1.3256628314157077 (0.59 -0.028 0.0))
    (1.3266633316658327 (0.59 -0.028 0.0))
    (1.327663831915958 (0.59 -0.028 0.0))
    (1.328664332166083 (0.59 -0.028 0.0))
    (1.329664832416208 (0.59 -0.028 0.0))
    (1.3306653326663331 (0.59 -0.028 0.0))
    (1.3316658329164581 (0.59 -0.028 0.0))
    (1.3326663331665831 (0.59 -0.028 0.0))
    (1.3336668334167083 (0.59 -0.028 0.0))
    (1.3346673336668333 (0.59 -0.028 0.0))
    (1.3356678339169583 (0.59 -0.028 0.0))
    (1.3366683341670835 (0.59 -0.028 0.0))
    (1.3376688344172085 (0.59 -0.028 0.0))
    (1.3386693346673335 (0.59 -0.028 0.0))
    (1.3396698349174587 (0.59 -0.028 0.0))
    (1.3406703351675837 (0.59 -0.028 0.0))
    (1.3416708354177087 (0.59 -0.028 0.0))
    (1.342671335667834 (0.59 -0.028 0.0))
    (1.343671835917959 (0.59 -0.028 0.0))
    (1.344672336168084 (0.59 -0.028 0.0))
    (1.3456728364182091 (0.59 -0.028 0.0))
    (1.346673336668334 (0.59 -0.028 0.0))
    (1.347673836918459 (0.59 -0.028 0.0))
    (1.348674337168584 (0.59 -0.028 0.0))
    (1.3496748374187093 (0.59 -0.028 0.0))
    (1.3506753376688343 (0.59 -0.028 0.0))
    (1.3516758379189593 (0.59 -0.028 0.0))
    (1.3526763381690845 (0.59 -0.028 0.0))
    (1.3536768384192095 (0.59 -0.028 0.0))
    (1.3546773386693345 (0.59 -0.028 0.0))
    (1.3556778389194597 (0.59 -0.028 0.0))
    (1.3566783391695847 (0.59 -0.028 0.0))
    (1.3576788394197097 (0.59 -0.028 0.0))
    (1.358679339669835 (0.59 -0.028 0.0))
    (1.3596798399199599 (0.59 -0.028 0.0))
    (1.3606803401700849 (0.59 -0.028 0.0))
    (1.36168084042021 (0.59 -0.028 0.0))
    (1.362681340670335 (0.59 -0.028 0.0))
    (1.36368184092046 (0.59 -0.028 0.0))
    (1.3646823411705853 (0.59 -0.028 0.0))
    (1.3656828414207103 (0.59 -0.028 0.0))
    (1.3666833416708353 (0.59 -0.028 0.0))
    (1.3676838419209605 (0.59 -0.028 0.0))
    (1.3686843421710855 (0.59 -0.028 0.0))
    (1.3696848424212105 (0.59 -0.028 0.0))
    (1.3706853426713355 (0.59 -0.028 0.0))
    (1.3716858429214607 (0.59 -0.028 0.0))
    (1.3726863431715857 (0.59 -0.028 0.0))
    (1.3736868434217107 (0.59 -0.028 0.0))
    (1.3746873436718359 (0.59 -0.028 0.0))
    (1.3756878439219609 (0.59 -0.028 0.0))
    (1.3766883441720859 (0.59 -0.028 0.0))
    (1.377688844422211 (0.59 -0.028 0.0))
    (1.378689344672336 (0.59 -0.028 0.0))
    (1.379689844922461 (0.59 -0.028 0.0))
    (1.3806903451725863 (0.59 -0.028 0.0))
    (1.3816908454227113 (0.59 -0.028 0.0))
    (1.3826913456728362 (0.59 -0.028 0.0))
    (1.3836918459229615 (0.59 -0.028 0.0))
    (1.3846923461730865 (0.59 -0.028 0.0))
    (1.3856928464232114 (0.59 -0.028 0.0))
    (1.3866933466733367 (0.59 -0.028 0.0))
    (1.3876938469234616 (0.59 -0.028 0.0))
    (1.3886943471735866 (0.59 -0.028 0.0))
    (1.3896948474237119 (0.59 -0.028 0.0))
    (1.3906953476738368 (0.59 -0.028 0.0))
    (1.3916958479239618 (0.59 -0.028 0.0))
    (1.392696348174087 (0.59 -0.028 0.0))
    (1.393696848424212 (0.59 -0.028 0.0))
    (1.394697348674337 (0.59 -0.028 0.0))
    (1.395697848924462 (0.59 -0.028 0.0))
    (1.3966983491745872 (0.59 -0.028 0.0))
    (1.3976988494247122 (0.59 -0.028 0.0))
    (1.3986993496748372 (0.59 -0.028 0.0))
    (1.3996998499249624 (0.59 -0.028 0.0))
    (1.4007003501750874 (0.59 -0.028 0.0))
    (1.4017008504252124 (0.59 -0.028 0.0))
    (1.4027013506753376 (0.59 -0.028 0.0))
    (1.4037018509254626 (0.59 -0.028 0.0))
    (1.4047023511755876 (0.59 -0.028 0.0))
    (1.4057028514257128 (0.59 -0.028 0.0))
    (1.4067033516758378 (0.59 -0.028 0.0))
    (1.4077038519259628 (0.59 -0.028 0.0))
    (1.408704352176088 (0.59 -0.028 0.0))
    (1.409704852426213 (0.59 -0.028 0.0))
    (1.410705352676338 (0.59 -0.028 0.0))
    (1.4117058529264632 (0.59 -0.028 0.0))
    (1.4127063531765882 (0.59 -0.028 0.0))
    (1.4137068534267132 (0.59 -0.028 0.0))
    (1.4147073536768384 (0.59 -0.028 0.0))
    (1.4157078539269634 (0.59 -0.028 0.0))
    (1.4167083541770884 (0.59 -0.028 0.0))
    (1.4177088544272134 (0.59 -0.028 0.0))
    (1.4187093546773386 (0.59 -0.028 0.0))
    (1.4197098549274636 (0.59 -0.028 0.0))
    (1.4207103551775886 (0.59 -0.028 0.0))
    (1.4217108554277138 (0.59 -0.028 0.0))
    (1.4227113556778388 (0.59 -0.028 0.0))
    (1.4237118559279638 (0.59 -0.028 0.0))
    (1.424712356178089 (0.59 -0.028 0.0))
    (1.425712856428214 (0.59 -0.028 0.0))
    (1.426713356678339 (0.59 -0.028 0.0))
    (1.4277138569284642 (0.59 -0.028 0.0))
    (1.4287143571785892 (0.59 -0.028 0.0))
    (1.4297148574287142 (0.59 -0.028 0.0))
    (1.4307153576788394 (0.59 -0.028 0.0))
    (1.4317158579289644 (0.59 -0.028 0.0))
    (1.4327163581790894 (0.59 -0.028 0.0))
    (1.4337168584292146 (0.59 -0.028 0.0))
    (1.4347173586793396 (0.59 -0.028 0.0))
    (1.4357178589294646 (0.59 -0.028 0.0))
    (1.4367183591795898 (0.59 -0.028 0.0))
    (1.4377188594297148 (0.59 -0.028 0.0))
    (1.4387193596798398 (0.59 -0.028 0.0))
    (1.439719859929965 (0.59 -0.028 0.0))
    (1.44072036018009 (0.59 -0.028 0.0))
    (1.441720860430215 (0.59 -0.028 0.0))
    (1.44272136068034 (0.59 -0.028 0.0))
    (1.4437218609304652 (0.59 -0.028181103654707745 0.0))
    (1.4447223611805902 (0.59 -0.028390625572510108 0.0))
    (1.4457228614307152 (0.59 -0.028600104610948227 0.0))
    (1.4467233616808404 (0.59 -0.028809517775296223 0.0))
    (1.4477238619309654 (0.59 -0.02901884207805911 0.0))
    (1.4487243621810904 (0.59 -0.02922805454149649 0.0))
    (1.4497248624312156 (0.59 -0.029437132200144673 0.0))
    (1.4507253626813406 (0.59 -0.029646052103337473 0.0))
    (1.4517258629314655 (0.59 -0.02985479131772584 0.0))
    (1.4527263631815908 (0.59 -0.030063326929795114 0.0))
    (1.4537268634317158 (0.59 -0.030271636048380113 0.0))
    (1.4547273636818407 (0.59 -0.030479695807178225 0.0))
    (1.455727863931966 (0.59 -0.03068748336725932 0.0))
    (1.456728364182091 (0.59 -0.03089497591957264 0.0))
    (1.457728864432216 (0.59 -0.031102150687450876 0.0))
    (1.4587293646823412 (0.59 -0.031308984929110245 0.0))
    (1.4597298649324661 (0.59 -0.03151545594014672 0.0))
    (1.4607303651825911 (0.59 -0.03172154105602864 0.0))
    (1.4617308654327164 (0.59 -0.03192721765458436 0.0))
    (1.4627313656828413 (0.59 -0.03213246315848557 0.0))
    (1.4637318659329663 (0.59 -0.0323372550377257 0.0))
    (1.4647323661830915 (0.59 -0.03254157081209308 0.0))
    (1.4657328664332165 (0.59 -0.03274538805363837 0.0))
    (1.4667333666833415 (0.59 -0.03294868438913686 0.0))
    (1.4677338669334665 (0.59 -0.03315143750254415 0.0))
    (1.4687343671835917 (0.59 -0.03335362513744595 0.0))
    (1.4697348674337167 (0.59 -0.033555225099500936 0.0))
    (1.4707353676838417 (0.59 -0.03375621525887742 0.0))
    (1.471735867933967 (0.59 -0.03395657355268233 0.0))
    (1.472736368184092 (0.59 -0.03415627798738299 0.0))
    (1.473736868434217 (0.59 -0.03435530664122166 0.0))
    (1.4747373686843421 (0.59 -0.03455363766662169 0.0))
    (1.4757378689344671 (0.59 -0.034751249292585745 0.0))
    (1.4767383691845921 (0.59 -0.03494811982708578 0.0))
    (1.4777388694347173 (0.59 -0.03514422765944413 0.0))
    (1.4787393696848423 (0.59 -0.03533955126270557 0.0))
    (1.4797398699349673 (0.59 -0.035534069196000634 0.0))
    (1.4807403701850925 (0.59 -0.035727760106899084 0.0))
    (1.4817408704352175 (0.59 -0.0359206027337536 0.0))
    (1.4827413706853425 (0.59 -0.03611257590803401 0.0))
    (1.4837418709354677 (0.59 -0.03630365855665084 0.0))
    (1.4847423711855927 (0.59 -0.03649382970426836 0.0))
    (1.4857428714357177 (0.59 -0.03668306847560738 0.0))
    (1.486743371685843 (0.59 -0.03687135409773659 0.0))
    (1.487743871935968 (0.59 -0.037058665902352704 0.0))
    (1.488744372186093 (0.59 -0.0372449833280495 0.0))
    (1.489744872436218 (0.59 -0.037430285922574705 0.0))
    (1.490745372686343 (0.59 -0.037614553345075075 0.0))
    (1.491745872936468 (0.59 -0.037797765368329225 0.0))
    (1.492746373186593 (0.59 -0.03797990188096803 0.0))
    (1.4937468734367183 (0.59 -0.03816094288968232 0.0))
    (1.4947473736868433 (0.59 -0.03834086852141735 0.0))
    (1.4957478739369683 (0.59 -0.038519659025554556 0.0))
    (1.4967483741870935 (0.59 -0.0386972947760795 0.0))
    (1.4977488744372185 (0.59 -0.03887375627373608 0.0))
    (1.4987493746873435 (0.59 -0.03904902414816723 0.0))
    (1.4997498749374687 (0.59 -0.03922307916004113 0.0))
    (1.5007503751875937 (0.59 -0.039395902203162976 0.0))
    (1.5017508754377187 (0.59 -0.03956747430657255 0.0))
    (1.502751375687844 (0.59 -0.03973777663662656 0.0))
    (1.5037518759379689 (0.59 -0.03990679049906587 0.0))
    (1.5047523761880939 (0.59 -0.0400744973410679 0.0))
    (1.505752876438219 (0.59 -0.04024087875328296 0.0))
    (1.506753376688344 (0.59 -0.0404059164718551 0.0))
    (1.507753876938469 (0.59 -0.040569592380427 0.0))
    (1.5087543771885943 (0.59 -0.04073188851212868 0.0))
    (1.5097548774387193 (0.59 -0.04089278705154951 0.0))
    (1.5107553776888443 (0.59 -0.0410522703366941 0.0))
    (1.5117558779389695 (0.59 -0.041210320860920954 0.0))
    (1.5127563781890945 (0.59 -0.04136692127486408 0.0))
    (1.5137568784392195 (0.59 -0.04152205438833766 0.0))
    (1.5147573786893445 (0.59 -0.04167570317222292 0.0))
    (1.5157578789394697 (0.59 -0.04182785076033746 0.0))
    (1.5167583791895947 (0.59 -0.04197848045128655 0.0))
    (1.5177588794397197 (0.59 -0.0421275757102967 0.0))
    (1.5187593796898449 (0.59 -0.04227512017103051 0.0))
    (1.5197598799399699 (0.59 -0.04242109763738324 0.0))
    (1.5207603801900949 (0.59 -0.042565492085260795 0.0))
    (1.52176088044022 (0.59 -0.042708287664338554 0.0))
    (1.522761380690345 (0.59 -0.042849468699801344 0.0))
    (1.52376188094047 (0.59 -0.042989019694064094 0.0))
    (1.5247623811905953 (0.59 -0.04312692532847304 0.0))
    (1.5257628814407203 (0.59 -0.04326317046498713 0.0))
    (1.5267633816908452 (0.59 -0.043397740147839946 0.0))
    (1.5277638819409705 (0.59 -0.043530619605181314 0.0))
    (1.5287643821910955 (0.59 -0.043661794250698716 0.0))
    (1.5297648824412204 (0.59 -0.043791249685218664 0.0))
    (1.5307653826913457 (0.59 -0.04391897169828719 0.0))
    (1.5317658829414706 (0.59 -0.044044946269729664 0.0))
    (1.5327663831915956 (0.59 -0.04416915957118998 0.0))
    (1.5337668834417209 (0.59 -0.04429159796764841 0.0))
    (1.5347673836918458 (0.59 -0.04441224801891828 0.0))
    (1.5357678839419708 (0.59 -0.04453109648112145 0.0))
    (1.5367683841920958 (0.59 -0.04464813030814198 0.0))
    (1.537768884442221 (0.59 -0.044763336653058344 0.0))
    (1.538769384692346 (0.59 -0.04487670286955346 0.0))
    (1.539769884942471 (0.59 -0.04498821651330309 0.0))
    (1.5407703851925962 (0.59 -0.0450978653433418 0.0))
    (1.5417708854427212 (0.59 -0.045205637323406545 0.0))
    (1.5427713856928462 (0.59 -0.04531152062325808 0.0))
    (1.5437718859429714 (0.59 -0.045415503619979494 0.0))
    (1.5447723861930964 (0.59 -0.04551757489925202 0.0))
    (1.5457728864432214 (0.59 -0.045617723256608095 0.0))
    (1.5467733866933466 (0.59 -0.04571593769866125 0.0))
    (1.5477738869434716 (0.59 -0.0458122074443128 0.0))
    (1.5487743871935966 (0.59 -0.04590652192593539 0.0))
    (1.5497748874437218 (0.59 -0.04599887079053301 0.0))
    (1.5507753876938468 (0.59 -0.04608924390087732 0.0))
    (1.5517758879439718 (0.59 -0.04617763133662062 0.0))
    (1.552776388194097 (0.59 -0.046264023395384664 0.0))
    (1.553776888444222 (0.59 -0.04634841059382577 0.0))
    (1.554777388694347 (0.59 -0.04643078366867581 0.0))
    (1.5557778889444722 (0.59 -0.04651113357775906 0.0))
    (1.5567783891945972 (0.59 -0.046589451500984674 0.0))
    (1.5577788894447222 (0.59 -0.046665728841315014 0.0))
    (1.5587793896948474 (0.59 -0.046739957225709304 0.0))
    (1.5597798899449724 (0.59 -0.04681212850604266 0.0))
    (1.5607803901950974 (0.59 -0.04688223476000066 0.0))
    (1.5617808904452224 (0.59 -0.04695026829194889 0.0))
    (1.5627813906953476 (0.59 -0.04701622163377774 0.0))
    (1.5637818909454726 (0.59 -0.04708008754572214 0.0))
    (1.5647823911955976 (0.59 -0.04714185901715634 0.0))
    (1.5657828914457228 (0.59 -0.04720152926736345 0.0))
    (1.5667833916958478 (0.59 -0.047259091746279736 0.0))
    (1.5677838919459728 (0.59 -0.04731454013521365 0.0))
    (1.568784392196098 (0.59 -0.04736786834753946 0.0))
    (1.569784892446223 (0.59 -0.047419070529365365 0.0))
    (1.570785392696348 (0.59 -0.04746814106017605 0.0))
    (1.5717858929464732 (0.59 -0.047515074553449735 0.0))
    (1.5727863931965982 (0.59 -0.047559865857249375 0.0))
    (1.5737868934467232 (0.59 -0.047602510054788244 0.0))
    (1.5747873936968484 (0.59 -0.04764300246496965 0.0))
    (1.5757878939469734 (0.59 -0.04768133864290075 0.0))
    (1.5767883941970984 (0.59 -0.047717514380380535 0.0))
    (1.5777888944472236 (0.59 -0.047751525706361694 0.0))
    (1.5787893946973486 (0.59 -0.047783368887386574 0.0))
    (1.5797898949474736 (0.59 -0.047813040427996986 0.0))
    (1.5807903951975988 (0.59 -0.04784053707111791 0.0))
    (1.5817908954477238 (0.59 -0.047865855798415 0.0))
    (1.5827913956978488 (0.59 -0.04788899383062596 0.0))
    (1.583791895947974 (0.59 -0.04790994862786559 0.0))
    (1.584792396198099 (0.59 -0.04792871788990459 0.0))
    (1.585792896448224 (0.59 -0.04794529955642209 0.0))
    (1.586793396698349 (0.59 -0.04795969180723178 0.0))
    (1.5877938969484742 (0.59 -0.047971893062481744 0.0))
    (1.5887943971985992 (0.59 -0.047981901982827826 0.0))
    (1.5897948974487242 (0.59 -0.04798971746958072 0.0))
    (1.5907953976988494 (0.59 -0.04799533866482656 0.0))
    (1.5917958979489744 (0.59 -0.04799876495152104 0.0))
    (1.5927963981990994 (0.59 -0.04799999595355721 0.0))
    (1.5937968984492246 (0.59 -0.04799903153580673 0.0))
    (1.5947973986993496 (0.59 -0.047995871804134706 0.0))
    (1.5957978989494745 (0.59 -0.047990517105388084 0.0))
    (1.5967983991995998 (0.59 -0.047982968027357575 0.0))
    (1.5977988994497248 (0.59 -0.047973225398713085 0.0))
    (1.5987993996998497 (0.59 -0.04796129028891284 0.0))
    (1.599799899949975 (0.59 -0.0479471640080859 0.0))
    (1.6008004002001 (0.59 -0.04793084810688841 0.0))
    (1.601800900450225 (0.59 -0.047912344376333335 0.0))
    (1.6028014007003502 (0.59 -0.04789165484759391 0.0))
    (1.6038019009504751 (0.59 -0.04786878179178063 0.0))
    (1.6048024012006001 (0.59 -0.04784372771969197 0.0))
    (1.6058029014507254 (0.59 -0.04781649538153875 0.0))
    (1.6068034017008503 (0.59 -0.0477870877666423 0.0))
    (1.6078039019509753 (0.59 -0.047755508103106234 0.0))
    (1.6088044022011003 (0.59 -0.04772175985746219 0.0))
    (1.6098049024512255 (0.59 -0.04768584673428919 0.0))
    (1.6108054027013505 (0.59 -0.047647772675807123 0.0))
    (1.6118059029514755 (0.59 -0.04760754186144389 0.0))
    (1.6128064032016007 (0.59 -0.047565158707376674 0.0))
    (1.6138069034517257 (0.59 -0.04752062786604719 0.0))
    (1.6148074037018507 (0.59 -0.04747395422565092 0.0))
    (1.615807903951976 (0.59 -0.04742514290960058 0.0))
    (1.616808404202101 (0.59 -0.047374199275963716 0.0))
    (1.617808904452226 (0.59 -0.04732112891687451 0.0))
    (1.6188094047023511 (0.59 -0.047265937657919976 0.0))
    (1.6198099049524761 (0.59 -0.04720863155750045 0.0))
    (1.6208104052026011 (0.59 -0.04714921690616452 0.0))
    (1.6218109054527263 (0.59 -0.04708770022591855 0.0))
    (1.6228114057028513 (0.59 -0.047024088269510794 0.0))
    (1.6238119059529763 (0.59 -0.046958388019690045 0.0))
    (1.6248124062031015 (0.59 -0.04689060668843917 0.0))
    (1.6258129064532265 (0.59 -0.04682075171618347 0.0))
    (1.6268134067033515 (0.59 -0.046748830770973915 0.0))
    (1.6278139069534767 (0.59 -0.04667485174764538 0.0))
    (1.6288144072036017 (0.59 -0.04659882276695014 0.0))
    (1.6298149074537267 (0.59 -0.046520752174666294 0.0))
    (1.630815407703852 (0.59 -0.04644064854068171 0.0))
    (1.631815907953977 (0.59 -0.046358520658053334 0.0))
    (1.632816408204102 (0.59 -0.04627437754204193 0.0))
    (1.633816908454227 (0.59 -0.04618822842912242 0.0))
    (1.634817408704352 (0.59 -0.046100082775970094 0.0))
    (1.635817908954477 (0.59 -0.046009950258422486 0.0))
    (1.636818409204602 (0.59 -0.04591784077041719 0.0))
    (1.6378189094547273 (0.59 -0.04582376442290585 0.0))
    (1.6388194097048523 (0.59 -0.04572773154274437 0.0))
    (1.6398199099549773 (0.59 -0.045629752671559096 0.0))
    (1.6408204102051025 (0.59 -0.04552983856458982 0.0))
    (1.6418209104552275 (0.59 -0.04542800018950917 0.0))
    (1.6428214107053525 (0.59 -0.04532424872521856 0.0))
    (1.6438219109554777 (0.59 -0.04521859556062116 0.0))
    (1.6448224112056027 (0.59 -0.04511105229337177 0.0))
    (1.6458229114557277 (0.59 -0.0450016307286036 0.0))
    (1.646823411705853 (0.59 -0.04489034287763248 0.0))
    (1.6478239119559779 (0.59 -0.04477720095663841 0.0))
    (1.6488244122061029 (0.59 -0.04466221738532447 0.0))
    (1.649824912456228 (0.59 -0.044545404785553626 0.0))
    (1.650825412706353 (0.59 -0.04442677597996312 0.0))
    (1.651825912956478 (0.59 -0.044306343990556926 0.0))
    (1.6528264132066033 (0.59 -0.0441841220372763 0.0))
    (1.6538269134567283 (0.59 -0.04406012353654878 0.0))
    (1.6548274137068533 (0.59 -0.04393436209981516 0.0))
    (1.6558279139569785 (0.59 -0.04380685153203555 0.0))
    (1.6568284142071035 (0.59 -0.04367760583017401 0.0))
    (1.6578289144572285 (0.59 -0.043546639181661934 0.0))
    (1.6588294147073535 (0.59 -0.04341396596284082 0.0))
    (1.6598299149574787 (0.59 -0.043279600737384044 0.0))
    (1.6608304152076037 (0.59 -0.04314355825469843 0.0))
    (1.6618309154577287 (0.59 -0.04300585344830485 0.0))
    (1.6628314157078539 (0.59 -0.042866501434199185 0.0))
    (1.6638319159579789 (0.59 -0.04272551750919302 0.0))
    (1.6648324162081038 (0.59 -0.04258291714923438 0.0))
    (1.665832916458229 (0.59 -0.042438716007709036 0.0))
    (1.666833416708354 (0.59 -0.04229292991372219 0.0))
    (1.667833916958479 (0.59 -0.042145574870360816 0.0))
    (1.6688344172086043 (0.59 -0.041996667052937045 0.0))
    (1.6698349174587293 (0.59 -0.0418462228072127 0.0))
    (1.6708354177088542 (0.59 -0.04169425864760479 0.0))
    (1.6718359179589795 (0.59 -0.041540791255372786 0.0))
    (1.6728364182091044 (0.59 -0.04138583747678763 0.0))
    (1.6738369184592294 (0.59 -0.04122941432128232 0.0))
    (1.6748374187093547 (0.59 -0.041071538959584805 0.0))
    (1.6758379189594796 (0.59 -0.04091222872183334 0.0))
    (1.6768384192096046 (0.59 -0.040751501095673826 0.0))
    (1.6778389194597298 (0.59 -0.04058937372434034 0.0))
    (1.6788394197098548 (0.59 -0.04042586440471849 0.0))
    (1.6798399199599798 (0.59 -0.04026099108539161 0.0))
    (1.6808404202101048 (0.59 -0.04009477186467083 0.0))
    (1.68184092046023 (0.59 -0.03992722498860806 0.0))
    (1.682841420710355 (0.59 -0.03975836884899344 0.0))
    (1.68384192096048 (0.59 -0.039588221981336186 0.0))
    (1.6848424212106052 (0.59 -0.03941680306283001 0.0))
    (1.6858429214607302 (0.59 -0.03924413091030312 0.0))
    (1.6868434217108552 (0.59 -0.039070224478152296 0.0))
    (1.6878439219609804 (0.59 -0.03889510285626248 0.0))
    (1.6888444222111054 (0.59 -0.03871878526791132 0.0))
    (1.6898449224612304 (0.59 -0.038541291067658794 0.0))
    (1.6908454227113556 (0.59 -0.038362639739222756 0.0))
    (1.6918459229614806 (0.59 -0.03818285089334037 0.0))
    (1.6928464232116056 (0.59 -0.03800194426561504 0.0))
    (1.6938469234617308 (0.59 -0.03781993971435026 0.0))
    (1.6948474237118558 (0.59 -0.03763685721836979 0.0))
    (1.6958479239619808 (0.59 -0.03745271687482435 0.0))
    (1.696848424212106 (0.59 -0.03726753889698574 0.0))
    (1.697848924462231 (0.59 -0.03708134361202794 0.0))
    (1.698849424712356 (0.59 -0.03689415145879569 0.0))
    (1.6998499249624812 (0.59 -0.036705982985560937 0.0))
    (1.7008504252126062 (0.59 -0.03651685884776746 0.0))
    (1.7018509254627312 (0.59 -0.03632679980576311 0.0))
    (1.7028514257128564 (0.59 -0.036135826722521136 0.0))
    (1.7038519259629814 (0.59 -0.035943960561350144 0.0))
    (1.7048524262131064 (0.59 -0.035751222383592685 0.0))
    (1.7058529264632314 (0.59 -0.03555763334631349 0.0))
    (1.7068534267133566 (0.59 -0.03536321469997695 0.0))
    (1.7078539269634816 (0.59 -0.03516798778611466 0.0))
    (1.7088544272136066 (0.59 -0.03497197403498237 0.0))
    (1.7098549274637318 (0.59 -0.03477519496320778 0.0))
    (1.7108554277138568 (0.59 -0.03457767217142869 0.0))
    (1.7118559279639818 (0.59 -0.03437942734192178 0.0))
    (1.712856428214107 (0.59 -0.03418048223622246 0.0))
    (1.713856928464232 (0.59 -0.0339808586927363 0.0))
    (1.714857428714357 (0.59 -0.03378057862434154 0.0))
    (1.7158579289644822 (0.59 -0.03357966401598383 0.0))
    (1.7168584292146072 (0.59 -0.03337813692226308 0.0))
    (1.7178589294647322 (0.59 -0.033176019465012176 0.0))
    (1.7188594297148574 (0.59 -0.0329733338308688 0.0))
    (1.7198599299649824 (0.59 -0.032770102268840105 0.0))
    (1.7208604302151074 (0.59 -0.0325663470878602 0.0))
    (1.7218609304652326 (0.59 -0.03236209065434135 0.0))
    (1.7228614307153576 (0.59 -0.032157355389719006 0.0))
    (1.7238619309654826 (0.59 -0.03195216376799019 0.0))
    (1.7248624312156078 (0.59 -0.031746538313246746 0.0))
    (1.7258629314657328 (0.59 -0.03154050159720292 0.0))
    (1.7268634317158578 (0.59 -0.03133407623671736 0.0))
    (1.7278639319659828 (0.59 -0.031127284891310784 0.0))
    (1.728864432216108 (0.59 -0.030920150260678268 0.0))
    (1.729864932466233 (0.59 -0.030712695082197823 0.0))
    (1.730865432716358 (0.59 -0.030504942128434197 0.0))
    (1.7318659329664832 (0.59 -0.030296914204639213 0.0))
    (1.7328664332166082 (0.59 -0.03008863414624863 0.0))
    (1.7338669334667332 (0.59 -0.029880124816375073 0.0))
    (1.7348674337168584 (0.59 -0.029671409103298563 0.0))
    (1.7358679339669834 (0.59 -0.029462509917954117 0.0))
    (1.7368684342171083 (0.59 -0.02925345019141659 0.0))
    (1.7378689344672336 (0.59 -0.029044252872383564 0.0))
    (1.7388694347173586 (0.59 -0.0288349409246565 0.0))
    (1.7398699349674835 (0.59 -0.02862553732461956 0.0))
    (1.7408704352176088 (0.59 -0.028416065058717705 0.0))
    (1.7418709354677337 (0.59 -0.028206547120933487 0.0))
    (1.7428714357178587 (0.59 -0.028 0.0))
    (1.743871935967984 (0.59 -0.028 0.0))
    (1.744872436218109 (0.59 -0.028 0.0))
    (1.745872936468234 (0.59 -0.028 0.0))
    (1.7468734367183592 (0.59 -0.028 0.0))
    (1.7478739369684841 (0.59 -0.028 0.0))
    (1.7488744372186091 (0.59 -0.028 0.0))
    (1.7498749374687343 (0.59 -0.028 0.0))
    (1.7508754377188593 (0.59 -0.028 0.0))
    (1.7518759379689843 (0.59 -0.028 0.0))
    (1.7528764382191093 (0.59 -0.028 0.0))
    (1.7538769384692345 (0.59 -0.028 0.0))
    (1.7548774387193595 (0.59 -0.028 0.0))
    (1.7558779389694845 (0.59 -0.028 0.0))
    (1.7568784392196097 (0.59 -0.028 0.0))
    (1.7578789394697347 (0.59 -0.028 0.0))
    (1.7588794397198597 (0.59 -0.028 0.0))
    (1.759879939969985 (0.59 -0.028 0.0))
    (1.76088044022011 (0.59 -0.028 0.0))
    (1.761880940470235 (0.59 -0.028 0.0))
    (1.7628814407203601 (0.59 -0.028 0.0))
    (1.7638819409704851 (0.59 -0.028 0.0))
    (1.76488244122061 (0.59 -0.028 0.0))
    (1.7658829414707353 (0.59 -0.028 0.0))
    (1.7668834417208603 (0.59 -0.028 0.0))
    (1.7678839419709853 (0.59 -0.028 0.0))
    (1.7688844422211105 (0.59 -0.028 0.0))
    (1.7698849424712355 (0.59 -0.028 0.0))
    (1.7708854427213605 (0.59 -0.028 0.0))
    (1.7718859429714857 (0.59 -0.028 0.0))
    (1.7728864432216107 (0.59 -0.028 0.0))
    (1.7738869434717357 (0.59 -0.028 0.0))
    (1.774887443721861 (0.59 -0.028 0.0))
    (1.775887943971986 (0.59 -0.028 0.0))
    (1.776888444222111 (0.59 -0.028 0.0))
    (1.7778889444722359 (0.59 -0.028 0.0))
    (1.778889444722361 (0.59 -0.028 0.0))
    (1.779889944972486 (0.59 -0.028 0.0))
    (1.780890445222611 (0.59 -0.028 0.0))
    (1.7818909454727363 (0.59 -0.028 0.0))
    (1.7828914457228613 (0.59 -0.028 0.0))
    (1.7838919459729863 (0.59 -0.028 0.0))
    (1.7848924462231115 (0.59 -0.028 0.0))
    (1.7858929464732365 (0.59 -0.028 0.0))
    (1.7868934467233615 (0.59 -0.028 0.0))
    (1.7878939469734867 (0.59 -0.028 0.0))
    (1.7888944472236117 (0.59 -0.028 0.0))
    (1.7898949474737367 (0.59 -0.028 0.0))
    (1.7908954477238619 (0.59 -0.028 0.0))
    (1.7918959479739869 (0.59 -0.028 0.0))
    (1.7928964482241119 (0.59 -0.028 0.0))
    (1.793896948474237 (0.59 -0.028 0.0))
    (1.794897448724362 (0.59 -0.028 0.0))
    (1.795897948974487 (0.59 -0.028 0.0))
    (1.7968984492246123 (0.59 -0.028 0.0))
    (1.7978989494747373 (0.59 -0.028 0.0))
    (1.7988994497248623 (0.59 -0.028 0.0))
    (1.7998999499749873 (0.59 -0.028 0.0))
    (1.8009004502251125 (0.59 -0.028 0.0))
    (1.8019009504752375 (0.59 -0.028 0.0))
    (1.8029014507253625 (0.59 -0.028 0.0))
    (1.8039019509754877 (0.59 -0.028 0.0))
    (1.8049024512256127 (0.59 -0.028 0.0))
    (1.8059029514757377 (0.59 -0.028 0.0))
    (1.8069034517258629 (0.59 -0.028 0.0))
    (1.8079039519759879 (0.59 -0.028 0.0))
    (1.8089044522261128 (0.59 -0.028 0.0))
    (1.809904952476238 (0.59 -0.028 0.0))
    (1.810905452726363 (0.59 -0.028 0.0))
    (1.811905952976488 (0.59 -0.028 0.0))
    (1.8129064532266133 (0.59 -0.028 0.0))
    (1.8139069534767382 (0.59 -0.028 0.0))
    (1.8149074537268632 (0.59 -0.028 0.0))
    (1.8159079539769885 (0.59 -0.028 0.0))
    (1.8169084542271134 (0.59 -0.028 0.0))
    (1.8179089544772384 (0.59 -0.028 0.0))
    (1.8189094547273637 (0.59 -0.028 0.0))
    (1.8199099549774886 (0.59 -0.028 0.0))
    (1.8209104552276136 (0.59 -0.028 0.0))
    (1.8219109554777388 (0.59 -0.028 0.0))
    (1.8229114557278638 (0.59 -0.028 0.0))
    (1.8239119559779888 (0.59 -0.028 0.0))
    (1.8249124562281138 (0.59 -0.028 0.0))
    (1.825912956478239 (0.59 -0.028 0.0))
    (1.826913456728364 (0.59 -0.028 0.0))
    (1.827913956978489 (0.59 -0.028 0.0))
    (1.8289144572286142 (0.59 -0.028 0.0))
    (1.8299149574787392 (0.59 -0.028 0.0))
    (1.8309154577288642 (0.59 -0.028 0.0))
    (1.8319159579789894 (0.59 -0.028 0.0))
    (1.8329164582291144 (0.59 -0.028 0.0))
    (1.8339169584792394 (0.59 -0.028 0.0))
    (1.8349174587293646 (0.59 -0.028 0.0))
    (1.8359179589794896 (0.59 -0.028 0.0))
    (1.8369184592296146 (0.59 -0.028 0.0))
    (1.8379189594797398 (0.59 -0.028 0.0))
    (1.8389194597298648 (0.59 -0.028 0.0))
    (1.8399199599799898 (0.59 -0.028 0.0))
    (1.840920460230115 (0.59 -0.028 0.0))
    (1.84192096048024 (0.59 -0.028 0.0))
    (1.842921460730365 (0.59 -0.028 0.0))
    (1.8439219609804902 (0.59 -0.028 0.0))
    (1.8449224612306152 (0.59 -0.028 0.0))
    (1.8459229614807402 (0.59 -0.028 0.0))
    (1.8469234617308652 (0.59 -0.028 0.0))
    (1.8479239619809904 (0.59 -0.028 0.0))
    (1.8489244622311154 (0.59 -0.028 0.0))
    (1.8499249624812404 (0.59 -0.028 0.0))
    (1.8509254627313656 (0.59 -0.028 0.0))
    (1.8519259629814906 (0.59 -0.028 0.0))
    (1.8529264632316156 (0.59 -0.028 0.0))
    (1.8539269634817408 (0.59 -0.028 0.0))
    (1.8549274637318658 (0.59 -0.028 0.0))
    (1.8559279639819908 (0.59 -0.028 0.0))
    (1.856928464232116 (0.59 -0.028 0.0))
    (1.857928964482241 (0.59 -0.028 0.0))
    (1.858929464732366 (0.59 -0.028 0.0))
    (1.8599299649824912 (0.59 -0.028 0.0))
    (1.8609304652326162 (0.59 -0.028 0.0))
    (1.8619309654827412 (0.59 -0.028 0.0))
    (1.8629314657328664 (0.59 -0.028 0.0))
    (1.8639319659829914 (0.59 -0.028 0.0))
    (1.8649324662331164 (0.59 -0.028 0.0))
    (1.8659329664832416 (0.59 -0.028 0.0))
    (1.8669334667333666 (0.59 -0.028 0.0))
    (1.8679339669834916 (0.59 -0.028 0.0))
    (1.8689344672336168 (0.59 -0.028 0.0))
    (1.8699349674837418 (0.59 -0.028 0.0))
    (1.8709354677338668 (0.59 -0.028 0.0))
    (1.8719359679839918 (0.59 -0.028 0.0))
    (1.872936468234117 (0.59 -0.028 0.0))
    (1.873936968484242 (0.59 -0.028 0.0))
    (1.874937468734367 (0.59 -0.028 0.0))
    (1.8759379689844922 (0.59 -0.028 0.0))
    (1.8769384692346172 (0.59 -0.028 0.0))
    (1.8779389694847421 (0.59 -0.028 0.0))
    (1.8789394697348674 (0.59 -0.028 0.0))
    (1.8799399699849924 (0.59 -0.028 0.0))
    (1.8809404702351173 (0.59 -0.028 0.0))
    (1.8819409704852426 (0.59 -0.028 0.0))
    (1.8829414707353676 (0.59 -0.028 0.0))
    (1.8839419709854925 (0.59 -0.028 0.0))
    (1.8849424712356178 (0.59 -0.028 0.0))
    (1.8859429714857427 (0.59 -0.028 0.0))
    (1.8869434717358677 (0.59 -0.028 0.0))
    (1.887943971985993 (0.59 -0.028 0.0))
    (1.888944472236118 (0.59 -0.028 0.0))
    (1.889944972486243 (0.59 -0.028 0.0))
    (1.8909454727363681 (0.59 -0.028 0.0))
    (1.8919459729864931 (0.59 -0.028 0.0))
    (1.8929464732366181 (0.59 -0.028 0.0))
    (1.8939469734867433 (0.59 -0.028 0.0))
    (1.8949474737368683 (0.59 -0.028 0.0))
    (1.8959479739869933 (0.59 -0.028 0.0))
    (1.8969484742371183 (0.59 -0.028 0.0))
    (1.8979489744872435 (0.59 -0.028 0.0))
    (1.8989494747373685 (0.59 -0.028 0.0))
    (1.8999499749874935 (0.59 -0.028 0.0))
    (1.9009504752376187 (0.59 -0.028 0.0))
    (1.9019509754877437 (0.59 -0.028 0.0))
    (1.9029514757378687 (0.59 -0.028 0.0))
    (1.903951975987994 (0.59 -0.028 0.0))
    (1.904952476238119 (0.59 -0.028 0.0))
    (1.905952976488244 (0.59 -0.028 0.0))
    (1.9069534767383691 (0.59 -0.028 0.0))
    (1.9079539769884941 (0.59 -0.028 0.0))
    (1.908954477238619 (0.59 -0.028 0.0))
    (1.9099549774887443 (0.59 -0.028 0.0))
    (1.9109554777388693 (0.59 -0.028 0.0))
    (1.9119559779889943 (0.59 -0.028 0.0))
    (1.9129564782391195 (0.59 -0.028 0.0))
    (1.9139569784892445 (0.59 -0.028 0.0))
    (1.9149574787393695 (0.59 -0.028 0.0))
    (1.9159579789894947 (0.59 -0.028 0.0))
    (1.9169584792396197 (0.59 -0.028 0.0))
    (1.9179589794897447 (0.59 -0.028 0.0))
    (1.9189594797398697 (0.59 -0.028 0.0))
    (1.919959979989995 (0.59 -0.028 0.0))
    (1.92096048024012 (0.59 -0.028 0.0))
    (1.9219609804902449 (0.59 -0.028 0.0))
    (1.92296148074037 (0.59 -0.028 0.0))
    (1.923961980990495 (0.59 -0.028 0.0))
    (1.92496248124062 (0.59 -0.028 0.0))
    (1.9259629814907453 (0.59 -0.028 0.0))
    (1.9269634817408703 (0.59 -0.028 0.0))
    (1.9279639819909953 (0.59 -0.028 0.0))
    (1.9289644822411205 (0.59 -0.028 0.0))
    (1.9299649824912455 (0.59 -0.028 0.0))
    (1.9309654827413705 (0.59 -0.028 0.0))
    (1.9319659829914957 (0.59 -0.028 0.0))
    (1.9329664832416207 (0.59 -0.028 0.0))
    (1.9339669834917457 (0.59 -0.028 0.0))
    (1.9349674837418709 (0.59 -0.028 0.0))
    (1.9359679839919959 (0.59 -0.028 0.0))
    (1.9369684842421209 (0.59 -0.028 0.0))
    (1.937968984492246 (0.59 -0.028 0.0))
    (1.938969484742371 (0.59 -0.028 0.0))
    (1.939969984992496 (0.59 -0.028 0.0))
    (1.9409704852426213 (0.59 -0.028 0.0))
    (1.9419709854927463 (0.59 -0.028 0.0))
    (1.9429714857428713 (0.59 -0.028 0.0))
    (1.9439719859929963 (0.59 -0.028 0.0))
    (1.9449724862431215 (0.59 -0.028 0.0))
    (1.9459729864932465 (0.59 -0.028 0.0))
    (1.9469734867433715 (0.59 -0.028 0.0))
    (1.9479739869934967 (0.59 -0.028 0.0))
    (1.9489744872436217 (0.59 -0.028 0.0))
    (1.9499749874937466 (0.59 -0.028 0.0))
    (1.9509754877438719 (0.59 -0.028 0.0))
    (1.9519759879939969 (0.59 -0.028 0.0))
    (1.9529764882441218 (0.59 -0.028 0.0))
    (1.953976988494247 (0.59 -0.028 0.0))
    (1.954977488744372 (0.59 -0.028 0.0))
    (1.955977988994497 (0.59 -0.028 0.0))
    (1.9569784892446223 (0.59 -0.028 0.0))
    (1.9579789894947472 (0.59 -0.028 0.0))
    (1.9589794897448722 (0.59 -0.028 0.0))
    (1.9599799899949975 (0.59 -0.028 0.0))
    (1.9609804902451224 (0.59 -0.028 0.0))
    (1.9619809904952474 (0.59 -0.028 0.0))
    (1.9629814907453726 (0.59 -0.028 0.0))
    (1.9639819909954976 (0.59 -0.028 0.0))
    (1.9649824912456226 (0.59 -0.028 0.0))
    (1.9659829914957476 (0.59 -0.028 0.0))
    (1.9669834917458728 (0.59 -0.028 0.0))
    (1.9679839919959978 (0.59 -0.028 0.0))
    (1.9689844922461228 (0.59 -0.028 0.0))
    (1.969984992496248 (0.59 -0.028 0.0))
    (1.970985492746373 (0.59 -0.028 0.0))
    (1.971985992996498 (0.59 -0.028 0.0))
    (1.9729864932466232 (0.59 -0.028 0.0))
    (1.9739869934967482 (0.59 -0.028 0.0))
    (1.9749874937468732 (0.59 -0.028 0.0))
    (1.9759879939969984 (0.59 -0.028 0.0))
    (1.9769884942471234 (0.59 -0.028 0.0))
    (1.9779889944972484 (0.59 -0.028 0.0))
    (1.9789894947473736 (0.59 -0.028 0.0))
    (1.9799899949974986 (0.59 -0.028 0.0))
    (1.9809904952476236 (0.59 -0.028 0.0))
    (1.9819909954977488 (0.59 -0.028 0.0))
    (1.9829914957478738 (0.59 -0.028 0.0))
    (1.9839919959979988 (0.59 -0.028 0.0))
    (1.984992496248124 (0.59 -0.028 0.0))
    (1.985992996498249 (0.59 -0.028 0.0))
    (1.986993496748374 (0.59 -0.028 0.0))
    (1.9879939969984992 (0.59 -0.028 0.0))
    (1.9889944972486242 (0.59 -0.028 0.0))
    (1.9899949974987492 (0.59 -0.028 0.0))
    (1.9909954977488742 (0.59 -0.028 0.0))
    (1.9919959979989994 (0.59 -0.028 0.0))
    (1.9929964982491244 (0.59 -0.028 0.0))
    (1.9939969984992494 (0.59 -0.028 0.0))
    (1.9949974987493746 (0.59 -0.028 0.0))
    (1.9959979989994996 (0.59 -0.028 0.0))
    (1.9969984992496246 (0.59 -0.028 0.0))
    (1.9979989994997498 (0.59 -0.028 0.0))
    (1.9989994997498748 (0.59 -0.028 0.0))
    (2.0 (0.59 -0.028 0.0))
)
