(
    (0.0 (0.61 -0.028 0.0))
    (0.0010005002501250625 (0.61 -0.028 0.0))
    (0.002001000500250125 (0.61 -0.028 0.0))
    (0.003001500750375187 (0.61 -0.028 0.0))
    (0.00400200100050025 (0.61 -0.028 0.0))
    (0.0050025012506253125 (0.61 -0.028 0.0))
    (0.006003001500750374 (0.61 -0.028 0.0))
    (0.007003501750875437 (0.61 -0.028 0.0))
    (0.0080040020010005 (0.61 -0.028 0.0))
    (0.009004502251125562 (0.61 -0.028 0.0))
    (0.010005002501250625 (0.61 -0.028 0.0))
    (0.011005502751375688 (0.61 -0.028 0.0))
    (0.012006003001500749 (0.61 -0.028 0.0))
    (0.013006503251625811 (0.61 -0.028 0.0))
    (0.014007003501750874 (0.61 -0.028 0.0))
    (0.015007503751875937 (0.61 -0.028 0.0))
    (0.016008004002001 (0.61 -0.028 0.0))
    (0.01700850425212606 (0.61 -0.028 0.0))
    (0.018009004502251125 (0.61 -0.028 0.0))
    (0.019009504752376186 (0.61 -0.028 0.0))
    (0.02001000500250125 (0.61 -0.028 0.0))
    (0.02101050525262631 (0.61 -0.028 0.0))
    (0.022011005502751375 (0.61 -0.028 0.0))
    (0.023011505752876436 (0.61 -0.028 0.0))
    (0.024012006003001497 (0.61 -0.028 0.0))
    (0.02501250625312656 (0.61 -0.028 0.0))
    (0.026013006503251623 (0.61 -0.028 0.0))
    (0.027013506753376687 (0.61 -0.028 0.0))
    (0.028014007003501748 (0.61 -0.028 0.0))
    (0.029014507253626812 (0.61 -0.028 0.0))
    (0.030015007503751873 (0.61 -0.028 0.0))
    (0.031015507753876938 (0.61 -0.028 0.0))
    (0.032016008004002 (0.61 -0.028 0.0))
    (0.03301650825412706 (0.61 -0.028 0.0))
    (0.03401700850425212 (0.61 -0.028 0.0))
    (0.03501750875437719 (0.61 -0.028 0.0))
    (0.03601800900450225 (0.61 -0.028 0.0))
    (0.03701850925462731 (0.61 -0.028 0.0))
    (0.03801900950475237 (0.61 -0.028 0.0))
    (0.03901950975487744 (0.61 -0.028 0.0))
    (0.0400200100050025 (0.61 -0.028 0.0))
    (0.04102051025512756 (0.61 -0.028 0.0))
    (0.04202101050525262 (0.61 -0.028 0.0))
    (0.04302151075537768 (0.61 -0.028 0.0))
    (0.04402201100550275 (0.61 -0.028 0.0))
    (0.04502251125562781 (0.61 -0.028 0.0))
    (0.04602301150575287 (0.61 -0.028 0.0))
    (0.047023511755877934 (0.61 -0.028 0.0))
    (0.048024012006002995 (0.61 -0.028 0.0))
    (0.04902451225612806 (0.61 -0.028 0.0))
    (0.05002501250625312 (0.61 -0.028 0.0))
    (0.051025512756378184 (0.61 -0.028 0.0))
    (0.052026013006503245 (0.61 -0.028 0.0))
    (0.05302651325662831 (0.61 -0.028 0.0))
    (0.054027013506753374 (0.61 -0.028 0.0))
    (0.055027513756878435 (0.61 -0.028 0.0))
    (0.056028014007003496 (0.61 -0.028 0.0))
    (0.05702851425712856 (0.61 -0.028 0.0))
    (0.058029014507253625 (0.61 -0.028 0.0))
    (0.059029514757378686 (0.61 -0.028 0.0))
    (0.06003001500750375 (0.61 -0.028 0.0))
    (0.06103051525762881 (0.61 -0.028 0.0))
    (0.062031015507753876 (0.61 -0.028 0.0))
    (0.06303151575787894 (0.61 -0.028 0.0))
    (0.064032016008004 (0.61 -0.028 0.0))
    (0.06503251625812906 (0.61 -0.028 0.0))
    (0.06603301650825412 (0.61 -0.028 0.0))
    (0.06703351675837918 (0.61 -0.028 0.0))
    (0.06803401700850424 (0.61 -0.028 0.0))
    (0.06903451725862932 (0.61 -0.028 0.0))
    (0.07003501750875438 (0.61 -0.028 0.0))
    (0.07103551775887944 (0.61 -0.028 0.0))
    (0.0720360180090045 (0.61 -0.028 0.0))
    (0.07303651825912956 (0.61 -0.028 0.0))
    (0.07403701850925462 (0.61 -0.028 0.0))
    (0.07503751875937968 (0.61 -0.028 0.0))
    (0.07603801900950474 (0.61 -0.028 0.0))
    (0.0770385192596298 (0.61 -0.028 0.0))
    (0.07803901950975488 (0.61 -0.028 0.0))
    (0.07903951975987994 (0.61 -0.028 0.0))
    (0.080040020010005 (0.61 -0.028 0.0))
    (0.08104052026013006 (0.61 -0.028 0.0))
    (0.08204102051025512 (0.61 -0.028 0.0))
    (0.08304152076038018 (0.61 -0.028 0.0))
    (0.08404202101050524 (0.61 -0.028 0.0))
    (0.0850425212606303 (0.61 -0.028 0.0))
    (0.08604302151075537 (0.61 -0.028 0.0))
    (0.08704352176088044 (0.61 -0.028 0.0))
    (0.0880440220110055 (0.61 -0.028 0.0))
    (0.08904452226113056 (0.61 -0.028 0.0))
    (0.09004502251125562 (0.61 -0.028 0.0))
    (0.09104552276138068 (0.61 -0.028 0.0))
    (0.09204602301150575 (0.61 -0.028 0.0))
    (0.0930465232616308 (0.61 -0.028 0.0))
    (0.09404702351175587 (0.61 -0.028 0.0))
    (0.09504752376188093 (0.61 -0.028 0.0))
    (0.09604802401200599 (0.61 -0.028 0.0))
    (0.09704852426213106 (0.61 -0.028 0.0))
    (0.09804902451225612 (0.61 -0.028 0.0))
    (0.09904952476238119 (0.61 -0.028 0.0))
    (0.10005002501250625 (0.61 -0.028 0.0))
    (0.10105052526263131 (0.61 -0.028 0.0))
    (0.10205102551275637 (0.61 -0.028 0.0))
    (0.10305152576288143 (0.61 -0.028 0.0))
    (0.10405202601300649 (0.61 -0.028 0.0))
    (0.10505252626313155 (0.61 -0.028 0.0))
    (0.10605302651325663 (0.61 -0.028 0.0))
    (0.10705352676338169 (0.61 -0.028 0.0))
    (0.10805402701350675 (0.61 -0.028 0.0))
    (0.10905452726363181 (0.61 -0.028 0.0))
    (0.11005502751375687 (0.61 -0.028 0.0))
    (0.11105552776388193 (0.61 -0.028 0.0))
    (0.11205602801400699 (0.61 -0.028 0.0))
    (0.11305652826413205 (0.61 -0.028 0.0))
    (0.11405702851425711 (0.61 -0.028 0.0))
    (0.11505752876438219 (0.61 -0.028 0.0))
    (0.11605802901450725 (0.61 -0.028 0.0))
    (0.11705852926463231 (0.61 -0.028 0.0))
    (0.11805902951475737 (0.61 -0.028 0.0))
    (0.11905952976488243 (0.61 -0.028 0.0))
    (0.1200600300150075 (0.61 -0.028 0.0))
    (0.12106053026513255 (0.61 -0.028 0.0))
    (0.12206103051525762 (0.61 -0.028 0.0))
    (0.12306153076538268 (0.61 -0.028 0.0))
    (0.12406203101550775 (0.61 -0.028 0.0))
    (0.1250625312656328 (0.61 -0.028 0.0))
    (0.12606303151575787 (0.61 -0.028 0.0))
    (0.12706353176588292 (0.61 -0.028 0.0))
    (0.128064032016008 (0.61 -0.028 0.0))
    (0.12906453226613307 (0.61 -0.028 0.0))
    (0.13006503251625812 (0.61 -0.028 0.0))
    (0.1310655327663832 (0.61 -0.028 0.0))
    (0.13206603301650824 (0.61 -0.028 0.0))
    (0.1330665332666333 (0.61 -0.028 0.0))
    (0.13406703351675836 (0.61 -0.028 0.0))
    (0.13506753376688344 (0.61 -0.028 0.0))
    (0.13606803401700848 (0.61 -0.028 0.0))
    (0.13706853426713356 (0.61 -0.028 0.0))
    (0.13806903451725863 (0.61 -0.028 0.0))
    (0.13906953476738368 (0.61 -0.028 0.0))
    (0.14007003501750875 (0.61 -0.028 0.0))
    (0.1410705352676338 (0.61 -0.028 0.0))
    (0.14207103551775888 (0.61 -0.028 0.0))
    (0.14307153576788392 (0.61 -0.028 0.0))
    (0.144072036018009 (0.61 -0.028 0.0))
    (0.14507253626813404 (0.61 -0.028 0.0))
    (0.14607303651825912 (0.61 -0.028 0.0))
    (0.1470735367683842 (0.61 -0.028 0.0))
    (0.14807403701850924 (0.61 -0.028 0.0))
    (0.14907453726863432 (0.61 -0.028 0.0))
    (0.15007503751875936 (0.61 -0.028 0.0))
    (0.15107553776888444 (0.61 -0.028 0.0))
    (0.15207603801900949 (0.61 -0.028 0.0))
    (0.15307653826913456 (0.61 -0.028 0.0))
    (0.1540770385192596 (0.61 -0.028 0.0))
    (0.15507753876938468 (0.61 -0.028 0.0))
    (0.15607803901950976 (0.61 -0.028 0.0))
    (0.1570785392696348 (0.61 -0.028 0.0))
    (0.15807903951975988 (0.61 -0.028 0.0))
    (0.15907953976988493 (0.61 -0.028 0.0))
    (0.16008004002001 (0.61 -0.028 0.0))
    (0.16108054027013505 (0.61 -0.028 0.0))
    (0.16208104052026012 (0.61 -0.028 0.0))
    (0.16308154077038517 (0.61 -0.028 0.0))
    (0.16408204102051024 (0.61 -0.028 0.0))
    (0.16508254127063532 (0.61 -0.028 0.0))
    (0.16608304152076037 (0.61 -0.028 0.0))
    (0.16708354177088544 (0.61 -0.028 0.0))
    (0.1680840420210105 (0.61 -0.028 0.0))
    (0.16908454227113556 (0.61 -0.028 0.0))
    (0.1700850425212606 (0.61 -0.028 0.0))
    (0.17108554277138568 (0.61 -0.028 0.0))
    (0.17208604302151073 (0.61 -0.028 0.0))
    (0.1730865432716358 (0.61 -0.028 0.0))
    (0.17408704352176088 (0.61 -0.028 0.0))
    (0.17508754377188593 (0.61 -0.028 0.0))
    (0.176088044022011 (0.61 -0.028 0.0))
    (0.17708854427213605 (0.61 -0.028 0.0))
    (0.17808904452226113 (0.61 -0.028 0.0))
    (0.17908954477238617 (0.61 -0.028 0.0))
    (0.18009004502251125 (0.61 -0.028 0.0))
    (0.1810905452726363 (0.61 -0.028 0.0))
    (0.18209104552276137 (0.61 -0.028 0.0))
    (0.18309154577288644 (0.61 -0.028 0.0))
    (0.1840920460230115 (0.61 -0.028 0.0))
    (0.18509254627313657 (0.61 -0.028 0.0))
    (0.1860930465232616 (0.61 -0.028 0.0))
    (0.1870935467733867 (0.61 -0.028 0.0))
    (0.18809404702351173 (0.61 -0.028 0.0))
    (0.1890945472736368 (0.61 -0.028 0.0))
    (0.19009504752376186 (0.61 -0.028 0.0))
    (0.19109554777388693 (0.61 -0.028 0.0))
    (0.19209604802401198 (0.61 -0.028 0.0))
    (0.19309654827413705 (0.61 -0.028 0.0))
    (0.19409704852426213 (0.61 -0.028 0.0))
    (0.19509754877438718 (0.61 -0.028 0.0))
    (0.19609804902451225 (0.61 -0.028 0.0))
    (0.1970985492746373 (0.61 -0.028 0.0))
    (0.19809904952476237 (0.61 -0.028 0.0))
    (0.19909954977488742 (0.61 -0.028 0.0))
    (0.2001000500250125 (0.61 -0.028 0.0))
    (0.20110055027513754 (0.61 -0.028 0.0))
    (0.20210105052526262 (0.61 -0.028 0.0))
    (0.2031015507753877 (0.61 -0.028 0.0))
    (0.20410205102551274 (0.61 -0.028 0.0))
    (0.2051025512756378 (0.61 -0.028 0.0))
    (0.20610305152576286 (0.61 -0.028 0.0))
    (0.20710355177588793 (0.61 -0.028 0.0))
    (0.20810405202601298 (0.61 -0.028 0.0))
    (0.20910455227613806 (0.61 -0.028 0.0))
    (0.2101050525262631 (0.61 -0.028 0.0))
    (0.21110555277638818 (0.61 -0.028 0.0))
    (0.21210605302651325 (0.61 -0.028 0.0))
    (0.2131065532766383 (0.61 -0.028 0.0))
    (0.21410705352676337 (0.61 -0.028 0.0))
    (0.21510755377688842 (0.61 -0.028 0.0))
    (0.2161080540270135 (0.61 -0.028 0.0))
    (0.21710855427713854 (0.61 -0.028 0.0))
    (0.21810905452726362 (0.61 -0.028 0.0))
    (0.21910955477738867 (0.61 -0.028 0.0))
    (0.22011005502751374 (0.61 -0.028 0.0))
    (0.22111055527763882 (0.61 -0.028 0.0))
    (0.22211105552776386 (0.61 -0.028 0.0))
    (0.22311155577788894 (0.61 -0.028 0.0))
    (0.22411205602801398 (0.61 -0.028 0.0))
    (0.22511255627813906 (0.61 -0.028 0.0))
    (0.2261130565282641 (0.61 -0.028 0.0))
    (0.22711355677838918 (0.61 -0.028 0.0))
    (0.22811405702851423 (0.61 -0.028 0.0))
    (0.2291145572786393 (0.61 -0.028 0.0))
    (0.23011505752876438 (0.61 -0.028 0.0))
    (0.23111555777888942 (0.61 -0.028 0.0))
    (0.2321160580290145 (0.61 -0.028 0.0))
    (0.23311655827913955 (0.61 -0.028 0.0))
    (0.23411705852926462 (0.61 -0.028 0.0))
    (0.23511755877938967 (0.61 -0.028 0.0))
    (0.23611805902951474 (0.61 -0.028 0.0))
    (0.2371185592796398 (0.61 -0.028 0.0))
    (0.23811905952976486 (0.61 -0.028 0.0))
    (0.23911955977988994 (0.61 -0.028 0.0))
    (0.240120060030015 (0.61 -0.028 0.0))
    (0.24112056028014006 (0.61 -0.028 0.0))
    (0.2421210605302651 (0.61 -0.028 0.0))
    (0.24312156078039018 (0.61 -0.028 0.0))
    (0.24412206103051523 (0.61 -0.028 0.0))
    (0.2451225612806403 (0.61 -0.028 0.0))
    (0.24612306153076535 (0.61 -0.028 0.0))
    (0.24712356178089043 (0.61 -0.028 0.0))
    (0.2481240620310155 (0.61 -0.028 0.0))
    (0.24912456228114055 (0.61 -0.028 0.0))
    (0.2501250625312656 (0.61 -0.028 0.0))
    (0.2511255627813907 (0.61 -0.028 0.0))
    (0.25212606303151575 (0.61 -0.028 0.0))
    (0.2531265632816408 (0.61 -0.028 0.0))
    (0.25412706353176584 (0.61 -0.028 0.0))
    (0.25512756378189094 (0.61 -0.028 0.0))
    (0.256128064032016 (0.61 -0.028 0.0))
    (0.25712856428214104 (0.61 -0.028 0.0))
    (0.25812906453226614 (0.61 -0.028 0.0))
    (0.2591295647823912 (0.61 -0.028 0.0))
    (0.26013006503251623 (0.61 -0.028 0.0))
    (0.2611305652826413 (0.61 -0.028 0.0))
    (0.2621310655327664 (0.61 -0.028 0.0))
    (0.26313156578289143 (0.61 -0.028 0.0))
    (0.2641320660330165 (0.61 -0.028 0.0))
    (0.2651325662831415 (0.61 -0.028 0.0))
    (0.2661330665332666 (0.61 -0.028 0.0))
    (0.2671335667833917 (0.61 -0.028 0.0))
    (0.2681340670335167 (0.61 -0.028 0.0))
    (0.2691345672836418 (0.61 -0.028 0.0))
    (0.27013506753376687 (0.61 -0.028 0.0))
    (0.2711355677838919 (0.61 -0.028 0.0))
    (0.27213606803401696 (0.61 -0.028 0.0))
    (0.27313656828414207 (0.61 -0.028 0.0))
    (0.2741370685342671 (0.61 -0.028 0.0))
    (0.27513756878439216 (0.61 -0.028 0.0))
    (0.27613806903451726 (0.61 -0.028 0.0))
    (0.2771385692846423 (0.61 -0.028 0.0))
    (0.27813906953476736 (0.61 -0.028 0.0))
    (0.2791395697848924 (0.61 -0.028 0.0))
    (0.2801400700350175 (0.61 -0.028 0.0))
    (0.28114057028514255 (0.61 -0.028 0.0))
    (0.2821410705352676 (0.61 -0.028 0.0))
    (0.28314157078539265 (0.61 -0.028 0.0))
    (0.28414207103551775 (0.61 -0.028 0.0))
    (0.2851425712856428 (0.61 -0.028 0.0))
    (0.28614307153576785 (0.61 -0.028 0.0))
    (0.28714357178589295 (0.61 -0.028 0.0))
    (0.288144072036018 (0.61 -0.028 0.0))
    (0.28914457228614304 (0.61 -0.028 0.0))
    (0.2901450725362681 (0.61 -0.028 0.0))
    (0.2911455727863932 (0.61 -0.028 0.0))
    (0.29214607303651824 (0.61 -0.028 0.0))
    (0.2931465732866433 (0.61 -0.028 0.0))
    (0.2941470735367684 (0.61 -0.028 0.0))
    (0.29514757378689344 (0.61 -0.028 0.0))
    (0.2961480740370185 (0.61 -0.028 0.0))
    (0.29714857428714353 (0.61 -0.028 0.0))
    (0.29814907453726863 (0.61 -0.028 0.0))
    (0.2991495747873937 (0.61 -0.028 0.0))
    (0.3001500750375187 (0.61 -0.028 0.0))
    (0.3011505752876438 (0.61 -0.028 0.0))
    (0.3021510755377689 (0.61 -0.028 0.0))
    (0.3031515757878939 (0.61 -0.028 0.0))
    (0.30415207603801897 (0.61 -0.028 0.0))
    (0.3051525762881441 (0.61 -0.028 0.0))
    (0.3061530765382691 (0.61 -0.028 0.0))
    (0.30715357678839417 (0.61 -0.028 0.0))
    (0.3081540770385192 (0.61 -0.028 0.0))
    (0.3091545772886443 (0.61 -0.028 0.0))
    (0.31015507753876936 (0.61 -0.028 0.0))
    (0.3111555777888944 (0.61 -0.028 0.0))
    (0.3121560780390195 (0.61 -0.028 0.0))
    (0.31315657828914456 (0.61 -0.028 0.0))
    (0.3141570785392696 (0.61 -0.028 0.0))
    (0.31515757878939465 (0.61 -0.028 0.0))
    (0.31615807903951976 (0.61 -0.028 0.0))
    (0.3171585792896448 (0.61 -0.028 0.0))
    (0.31815907953976985 (0.61 -0.028 0.0))
    (0.3191595797898949 (0.61 -0.028 0.0))
    (0.32016008004002 (0.61 -0.028 0.0))
    (0.32116058029014505 (0.61 -0.028 0.0))
    (0.3221610805402701 (0.61 -0.028 0.0))
    (0.3231615807903952 (0.61 -0.028 0.0))
    (0.32416208104052024 (0.61 -0.028 0.0))
    (0.3251625812906453 (0.61 -0.028 0.0))
    (0.32616308154077034 (0.61 -0.028 0.0))
    (0.32716358179089544 (0.61 -0.028 0.0))
    (0.3281640820410205 (0.61 -0.028 0.0))
    (0.32916458229114554 (0.61 -0.028 0.0))
    (0.33016508254127064 (0.61 -0.028 0.0))
    (0.3311655827913957 (0.61 -0.028 0.0))
    (0.33216608304152073 (0.61 -0.028 0.0))
    (0.3331665832916458 (0.61 -0.028 0.0))
    (0.3341670835417709 (0.61 -0.028 0.0))
    (0.33516758379189593 (0.61 -0.028 0.0))
    (0.336168084042021 (0.61 -0.028 0.0))
    (0.337168584292146 (0.61 -0.028 0.0))
    (0.3381690845422711 (0.61 -0.028 0.0))
    (0.3391695847923962 (0.61 -0.028 0.0))
    (0.3401700850425212 (0.61 -0.028 0.0))
    (0.3411705852926463 (0.61 -0.028 0.0))
    (0.34217108554277137 (0.61 -0.028 0.0))
    (0.3431715857928964 (0.61 -0.028 0.0))
    (0.34417208604302146 (0.61 -0.028 0.0))
    (0.34517258629314657 (0.61 -0.028 0.0))
    (0.3461730865432716 (0.61 -0.028 0.0))
    (0.34717358679339666 (0.61 -0.028 0.0))
    (0.34817408704352176 (0.61 -0.028 0.0))
    (0.3491745872936468 (0.61 -0.028 0.0))
    (0.35017508754377186 (0.61 -0.028 0.0))
    (0.3511755877938969 (0.61 -0.028 0.0))
    (0.352176088044022 (0.61 -0.028 0.0))
    (0.35317658829414705 (0.61 -0.028 0.0))
    (0.3541770885442721 (0.61 -0.028 0.0))
    (0.35517758879439715 (0.61 -0.028 0.0))
    (0.35617808904452225 (0.61 -0.028 0.0))
    (0.3571785892946473 (0.61 -0.028 0.0))
    (0.35817908954477234 (0.61 -0.028 0.0))
    (0.35917958979489745 (0.61 -0.028 0.0))
    (0.3601800900450225 (0.61 -0.028 0.0))
    (0.36118059029514754 (0.61 -0.028 0.0))
    (0.3621810905452726 (0.61 -0.028 0.0))
    (0.3631815907953977 (0.61 -0.028 0.0))
    (0.36418209104552274 (0.61 -0.028 0.0))
    (0.3651825912956478 (0.61 -0.028 0.0))
    (0.3661830915457729 (0.61 -0.028 0.0))
    (0.36718359179589793 (0.61 -0.028 0.0))
    (0.368184092046023 (0.61 -0.028 0.0))
    (0.36918459229614803 (0.61 -0.028 0.0))
    (0.37018509254627313 (0.61 -0.028 0.0))
    (0.3711855927963982 (0.61 -0.028 0.0))
    (0.3721860930465232 (0.61 -0.028 0.0))
    (0.3731865932966483 (0.61 -0.028 0.0))
    (0.3741870935467734 (0.61 -0.028 0.0))
    (0.3751875937968984 (0.61 -0.028 0.0))
    (0.37618809404702347 (0.61 -0.028 0.0))
    (0.37718859429714857 (0.61 -0.028 0.0))
    (0.3781890945472736 (0.61 -0.028 0.0))
    (0.37918959479739867 (0.61 -0.028 0.0))
    (0.3801900950475237 (0.61 -0.028 0.0))
    (0.3811905952976488 (0.61 -0.028 0.0))
    (0.38219109554777386 (0.61 -0.028 0.0))
    (0.3831915957978989 (0.61 -0.028 0.0))
    (0.38419209604802396 (0.61 -0.028 0.0))
    (0.38519259629814906 (0.61 -0.028 0.0))
    (0.3861930965482741 (0.61 -0.028 0.0))
    (0.38719359679839915 (0.61 -0.028 0.0))
    (0.38819409704852426 (0.61 -0.028 0.0))
    (0.3891945972986493 (0.61 -0.028 0.0))
    (0.39019509754877435 (0.61 -0.028 0.0))
    (0.3911955977988994 (0.61 -0.028 0.0))
    (0.3921960980490245 (0.61 -0.028 0.0))
    (0.39319659829914955 (0.61 -0.028 0.0))
    (0.3941970985492746 (0.61 -0.028 0.0))
    (0.3951975987993997 (0.61 -0.028 0.0))
    (0.39619809904952474 (0.61 -0.028 0.0))
    (0.3971985992996498 (0.61 -0.028 0.0))
    (0.39819909954977484 (0.61 -0.028 0.0))
    (0.39919959979989994 (0.61 -0.028 0.0))
    (0.400200100050025 (0.61 -0.028 0.0))
    (0.40120060030015003 (0.61 -0.028 0.0))
    (0.4022011005502751 (0.61 -0.028 0.0))
    (0.4032016008004002 (0.61 -0.028 0.0))
    (0.40420210105052523 (0.61 -0.028 0.0))
    (0.4052026013006503 (0.61 -0.028 0.0))
    (0.4062031015507754 (0.61 -0.028 0.0))
    (0.4072036018009004 (0.61 -0.028 0.0))
    (0.4082041020510255 (0.61 -0.028 0.0))
    (0.4092046023011505 (0.61 -0.028 0.0))
    (0.4102051025512756 (0.61 -0.028 0.0))
    (0.41120560280140067 (0.61 -0.028 0.0))
    (0.4122061030515257 (0.61 -0.028 0.0))
    (0.4132066033016508 (0.61 -0.028 0.0))
    (0.41420710355177587 (0.61 -0.028 0.0))
    (0.4152076038019009 (0.61 -0.028 0.0))
    (0.41620810405202596 (0.61 -0.028 0.0))
    (0.41720860430215106 (0.61 -0.028 0.0))
    (0.4182091045522761 (0.61 -0.028 0.0))
    (0.41920960480240116 (0.61 -0.028 0.0))
    (0.4202101050525262 (0.61 -0.028 0.0))
    (0.4212106053026513 (0.61 -0.028 0.0))
    (0.42221110555277636 (0.61 -0.028 0.0))
    (0.4232116058029014 (0.61 -0.028 0.0))
    (0.4242121060530265 (0.61 -0.028 0.0))
    (0.42521260630315155 (0.61 -0.028 0.0))
    (0.4262131065532766 (0.61 -0.028 0.0))
    (0.42721360680340165 (0.61 -0.028 0.0))
    (0.42821410705352675 (0.61 -0.028 0.0))
    (0.4292146073036518 (0.61 -0.028 0.0))
    (0.43021510755377684 (0.61 -0.028 0.0))
    (0.43121560780390195 (0.61 -0.028 0.0))
    (0.432216108054027 (0.61 -0.028 0.0))
    (0.43321660830415204 (0.61 -0.028 0.0))
    (0.4342171085542771 (0.61 -0.028 0.0))
    (0.4352176088044022 (0.61 -0.028 0.0))
    (0.43621810905452724 (0.61 -0.028 0.0))
    (0.4372186093046523 (0.61 -0.028 0.0))
    (0.43821910955477733 (0.61 -0.028 0.0))
    (0.43921960980490243 (0.61 -0.028 0.0))
    (0.4402201100550275 (0.61 -0.028 0.0))
    (0.4412206103051525 (0.61 -0.028 0.0))
    (0.44222111055527763 (0.61 -0.028 0.0))
    (0.4432216108054027 (0.61 -0.028 0.0))
    (0.4442221110555277 (0.61 -0.028 0.0))
    (0.44522261130565277 (0.61 -0.028 0.0))
    (0.4462231115557779 (0.61 -0.028 0.0))
    (0.4472236118059029 (0.61 -0.028 0.0))
    (0.44822411205602797 (0.61 -0.028 0.0))
    (0.44922461230615307 (0.61 -0.028 0.0))
    (0.4502251125562781 (0.61 -0.028 0.0))
    (0.45122561280640316 (0.61 -0.028 0.0))
    (0.4522261130565282 (0.61 -0.028 0.0))
    (0.4532266133066533 (0.61 -0.028 0.0))
    (0.45422711355677836 (0.61 -0.028 0.0))
    (0.4552276138069034 (0.61 -0.028 0.0))
    (0.45622811405702846 (0.61 -0.028 0.0))
    (0.45722861430715356 (0.61 -0.028 0.0))
    (0.4582291145572786 (0.61 -0.028 0.0))
    (0.45922961480740365 (0.61 -0.028 0.0))
    (0.46023011505752875 (0.61 -0.028 0.0))
    (0.4612306153076538 (0.61 -0.028 0.0))
    (0.46223111555777885 (0.61 -0.028 0.0))
    (0.4632316158079039 (0.61 -0.028 0.0))
    (0.464232116058029 (0.61 -0.028 0.0))
    (0.46523261630815405 (0.61 -0.028 0.0))
    (0.4662331165582791 (0.61 -0.028 0.0))
    (0.4672336168084042 (0.61 -0.028 0.0))
    (0.46823411705852924 (0.61 -0.028 0.0))
    (0.4692346173086543 (0.61 -0.028 0.0))
    (0.47023511755877934 (0.61 -0.028 0.0))
    (0.47123561780890444 (0.61 -0.028 0.0))
    (0.4722361180590295 (0.61 -0.028 0.0))
    (0.47323661830915453 (0.61 -0.028 0.0))
    (0.4742371185592796 (0.61 -0.028 0.0))
    (0.4752376188094047 (0.61 -0.028 0.0))
    (0.47623811905952973 (0.61 -0.028 0.0))
    (0.4772386193096548 (0.61 -0.028 0.0))
    (0.4782391195597799 (0.61 -0.028 0.0))
    (0.4792396198099049 (0.61 -0.028 0.0))
    (0.48024012006003 (0.61 -0.028 0.0))
    (0.481240620310155 (0.61 -0.028 0.0))
    (0.4822411205602801 (0.61 -0.028 0.0))
    (0.48324162081040517 (0.61 -0.028 0.0))
    (0.4842421210605302 (0.61 -0.028 0.0))
    (0.4852426213106553 (0.61 -0.028 0.0))
    (0.48624312156078037 (0.61 -0.028 0.0))
    (0.4872436218109054 (0.61 -0.028 0.0))
    (0.48824412206103046 (0.61 -0.028 0.0))
    (0.48924462231115556 (0.61 -0.028 0.0))
    (0.4902451225612806 (0.61 -0.028 0.0))
    (0.49124562281140566 (0.61 -0.028 0.0))
    (0.4922461230615307 (0.61 -0.028 0.0))
    (0.4932466233116558 (0.61 -0.028 0.0))
    (0.49424712356178085 (0.61 -0.028 0.0))
    (0.4952476238119059 (0.61 -0.028 0.0))
    (0.496248124062031 (0.61 -0.028 0.0))
    (0.49724862431215605 (0.61 -0.028 0.0))
    (0.4982491245622811 (0.61 -0.028 0.0))
    (0.49924962481240615 (0.61 -0.028 0.0))
    (0.5002501250625312 (0.61 -0.028 0.0))
    (0.5012506253126563 (0.61 -0.028 0.0))
    (0.5022511255627814 (0.61 -0.028 0.0))
    (0.5032516258129064 (0.61 -0.028 0.0))
    (0.5042521260630315 (0.61 -0.028 0.0))
    (0.5052526263131566 (0.61 -0.028 0.0))
    (0.5062531265632816 (0.61 -0.028 0.0))
    (0.5072536268134067 (0.61 -0.028 0.0))
    (0.5082541270635317 (0.61 -0.028 0.0))
    (0.5092546273136568 (0.61 -0.028 0.0))
    (0.5102551275637819 (0.61 -0.028 0.0))
    (0.5112556278139069 (0.61 -0.028 0.0))
    (0.512256128064032 (0.61 -0.028 0.0))
    (0.5132566283141571 (0.61 -0.028 0.0))
    (0.5142571285642821 (0.61 -0.028 0.0))
    (0.5152576288144072 (0.61 -0.028 0.0))
    (0.5162581290645323 (0.61 -0.028 0.0))
    (0.5172586293146573 (0.61 -0.028 0.0))
    (0.5182591295647824 (0.61 -0.028 0.0))
    (0.5192596298149074 (0.61 -0.028 0.0))
    (0.5202601300650325 (0.61 -0.028 0.0))
    (0.5212606303151576 (0.61 -0.028 0.0))
    (0.5222611305652826 (0.61 -0.028 0.0))
    (0.5232616308154077 (0.61 -0.028 0.0))
    (0.5242621310655328 (0.61 -0.028 0.0))
    (0.5252626313156578 (0.61 -0.028 0.0))
    (0.5262631315657829 (0.61 -0.028 0.0))
    (0.527263631815908 (0.61 -0.028 0.0))
    (0.528264132066033 (0.61 -0.028 0.0))
    (0.5292646323161581 (0.61 -0.028 0.0))
    (0.530265132566283 (0.61 -0.028 0.0))
    (0.5312656328164082 (0.61 -0.028 0.0))
    (0.5322661330665333 (0.61 -0.028 0.0))
    (0.5332666333166582 (0.61 -0.028 0.0))
    (0.5342671335667833 (0.61 -0.028 0.0))
    (0.5352676338169085 (0.61 -0.028 0.0))
    (0.5362681340670334 (0.61 -0.028 0.0))
    (0.5372686343171585 (0.61 -0.028 0.0))
    (0.5382691345672836 (0.61 -0.028 0.0))
    (0.5392696348174086 (0.61 -0.028 0.0))
    (0.5402701350675337 (0.61 -0.028 0.0))
    (0.5412706353176588 (0.61 -0.028 0.0))
    (0.5422711355677838 (0.61 -0.028 0.0))
    (0.5432716358179089 (0.61 -0.028 0.0))
    (0.5442721360680339 (0.61 -0.028 0.0))
    (0.545272636318159 (0.61 -0.028 0.0))
    (0.5462731365682841 (0.61 -0.028 0.0))
    (0.5472736368184091 (0.61 -0.028 0.0))
    (0.5482741370685342 (0.61 -0.028 0.0))
    (0.5492746373186593 (0.61 -0.028 0.0))
    (0.5502751375687843 (0.61 -0.028 0.0))
    (0.5512756378189094 (0.61 -0.028 0.0))
    (0.5522761380690345 (0.61 -0.028 0.0))
    (0.5532766383191595 (0.61 -0.028 0.0))
    (0.5542771385692846 (0.61 -0.028 0.0))
    (0.5552776388194096 (0.61 -0.028 0.0))
    (0.5562781390695347 (0.61 -0.028 0.0))
    (0.5572786393196598 (0.61 -0.028 0.0))
    (0.5582791395697848 (0.61 -0.028 0.0))
    (0.5592796398199099 (0.61 -0.028 0.0))
    (0.560280140070035 (0.61 -0.028 0.0))
    (0.56128064032016 (0.61 -0.028 0.0))
    (0.5622811405702851 (0.61 -0.028 0.0))
    (0.5632816408204102 (0.61 -0.028 0.0))
    (0.5642821410705352 (0.61 -0.028 0.0))
    (0.5652826413206603 (0.61 -0.028 0.0))
    (0.5662831415707853 (0.61 -0.028 0.0))
    (0.5672836418209104 (0.61 -0.028 0.0))
    (0.5682841420710355 (0.61 -0.028 0.0))
    (0.5692846423211605 (0.61 -0.028 0.0))
    (0.5702851425712856 (0.61 -0.028 0.0))
    (0.5712856428214107 (0.61 -0.028 0.0))
    (0.5722861430715357 (0.61 -0.028 0.0))
    (0.5732866433216608 (0.61 -0.028 0.0))
    (0.5742871435717859 (0.61 -0.028 0.0))
    (0.5752876438219109 (0.61 -0.028 0.0))
    (0.576288144072036 (0.61 -0.028 0.0))
    (0.5772886443221611 (0.61 -0.028 0.0))
    (0.5782891445722861 (0.61 -0.028 0.0))
    (0.5792896448224112 (0.61 -0.028 0.0))
    (0.5802901450725362 (0.61 -0.028 0.0))
    (0.5812906453226613 (0.61 -0.028 0.0))
    (0.5822911455727864 (0.61 -0.028 0.0))
    (0.5832916458229114 (0.61 -0.028 0.0))
    (0.5842921460730365 (0.61 -0.028 0.0))
    (0.5852926463231616 (0.61 -0.028 0.0))
    (0.5862931465732866 (0.61 -0.028 0.0))
    (0.5872936468234117 (0.61 -0.028 0.0))
    (0.5882941470735368 (0.61 -0.028 0.0))
    (0.5892946473236618 (0.61 -0.028 0.0))
    (0.5902951475737869 (0.61 -0.028 0.0))
    (0.5912956478239119 (0.61 -0.028 0.0))
    (0.592296148074037 (0.61 -0.028 0.0))
    (0.5932966483241621 (0.61 -0.028 0.0))
    (0.5942971485742871 (0.61 -0.028 0.0))
    (0.5952976488244122 (0.61 -0.028 0.0))
    (0.5962981490745373 (0.61 -0.028 0.0))
    (0.5972986493246623 (0.61 -0.028 0.0))
    (0.5982991495747874 (0.61 -0.028 0.0))
    (0.5992996498249125 (0.61 -0.028 0.0))
    (0.6003001500750375 (0.61 -0.028 0.0))
    (0.6013006503251626 (0.61 -0.028 0.0))
    (0.6023011505752875 (0.61 -0.028 0.0))
    (0.6033016508254126 (0.61 -0.028 0.0))
    (0.6043021510755378 (0.61 -0.028 0.0))
    (0.6053026513256627 (0.61 -0.028 0.0))
    (0.6063031515757878 (0.61 -0.028 0.0))
    (0.607303651825913 (0.61 -0.028 0.0))
    (0.6083041520760379 (0.61 -0.028 0.0))
    (0.609304652326163 (0.61 -0.028 0.0))
    (0.6103051525762881 (0.61 -0.028 0.0))
    (0.6113056528264131 (0.61 -0.028 0.0))
    (0.6123061530765382 (0.61 -0.028 0.0))
    (0.6133066533266633 (0.61 -0.028 0.0))
    (0.6143071535767883 (0.61 -0.028 0.0))
    (0.6153076538269134 (0.61 -0.028 0.0))
    (0.6163081540770384 (0.61 -0.028 0.0))
    (0.6173086543271635 (0.61 -0.028 0.0))
    (0.6183091545772886 (0.61 -0.028 0.0))
    (0.6193096548274136 (0.61 -0.028 0.0))
    (0.6203101550775387 (0.61 -0.028 0.0))
    (0.6213106553276638 (0.61 -0.028 0.0))
    (0.6223111555777888 (0.61 -0.028 0.0))
    (0.6233116558279139 (0.61 -0.028 0.0))
    (0.624312156078039 (0.61 -0.028 0.0))
    (0.625312656328164 (0.61 -0.028 0.0))
    (0.6263131565782891 (0.61 -0.028 0.0))
    (0.6273136568284141 (0.61 -0.028 0.0))
    (0.6283141570785392 (0.61 -0.028 0.0))
    (0.6293146573286643 (0.61 -0.028 0.0))
    (0.6303151575787893 (0.61 -0.028 0.0))
    (0.6313156578289144 (0.61 -0.028 0.0))
    (0.6323161580790395 (0.61 -0.028 0.0))
    (0.6333166583291645 (0.61 -0.028 0.0))
    (0.6343171585792896 (0.61 -0.028 0.0))
    (0.6353176588294147 (0.61 -0.028 0.0))
    (0.6363181590795397 (0.61 -0.028 0.0))
    (0.6373186593296648 (0.61 -0.028 0.0))
    (0.6383191595797898 (0.61 -0.028 0.0))
    (0.6393196598299149 (0.61 -0.028 0.0))
    (0.64032016008004 (0.61 -0.028 0.0))
    (0.641320660330165 (0.61 -0.028 0.0))
    (0.6423211605802901 (0.61 -0.028 0.0))
    (0.6433216608304152 (0.61 -0.028 0.0))
    (0.6443221610805402 (0.61 -0.028 0.0))
    (0.6453226613306653 (0.61 -0.028 0.0))
    (0.6463231615807904 (0.61 -0.028 0.0))
    (0.6473236618309154 (0.61 -0.028 0.0))
    (0.6483241620810405 (0.61 -0.028 0.0))
    (0.6493246623311655 (0.61 -0.028 0.0))
    (0.6503251625812906 (0.61 -0.028 0.0))
    (0.6513256628314157 (0.61 -0.028 0.0))
    (0.6523261630815407 (0.61 -0.028 0.0))
    (0.6533266633316658 (0.61 -0.028 0.0))
    (0.6543271635817909 (0.61 -0.028 0.0))
    (0.6553276638319159 (0.61 -0.028 0.0))
    (0.656328164082041 (0.61 -0.028 0.0))
    (0.6573286643321661 (0.61 -0.028 0.0))
    (0.6583291645822911 (0.61 -0.028 0.0))
    (0.6593296648324162 (0.61 -0.028 0.0))
    (0.6603301650825413 (0.61 -0.028 0.0))
    (0.6613306653326663 (0.61 -0.028 0.0))
    (0.6623311655827914 (0.61 -0.028 0.0))
    (0.6633316658329164 (0.61 -0.028 0.0))
    (0.6643321660830415 (0.61 -0.028 0.0))
    (0.6653326663331666 (0.61 -0.028 0.0))
    (0.6663331665832916 (0.61 -0.028 0.0))
    (0.6673336668334167 (0.61 -0.028 0.0))
    (0.6683341670835418 (0.61 -0.028 0.0))
    (0.6693346673336668 (0.61 -0.028 0.0))
    (0.6703351675837919 (0.61 -0.028 0.0))
    (0.671335667833917 (0.61 -0.028 0.0))
    (0.672336168084042 (0.61 -0.028 0.0))
    (0.673336668334167 (0.61 -0.028 0.0))
    (0.674337168584292 (0.61 -0.028 0.0))
    (0.6753376688344171 (0.61 -0.028 0.0))
    (0.6763381690845423 (0.61 -0.028 0.0))
    (0.6773386693346672 (0.61 -0.028 0.0))
    (0.6783391695847923 (0.61 -0.028 0.0))
    (0.6793396698349174 (0.61 -0.028 0.0))
    (0.6803401700850424 (0.61 -0.028 0.0))
    (0.6813406703351675 (0.61 -0.028 0.0))
    (0.6823411705852926 (0.61 -0.028 0.0))
    (0.6833416708354176 (0.61 -0.028 0.0))
    (0.6843421710855427 (0.61 -0.028 0.0))
    (0.6853426713356677 (0.61 -0.028 0.0))
    (0.6863431715857928 (0.61 -0.028 0.0))
    (0.6873436718359179 (0.61 -0.028 0.0))
    (0.6883441720860429 (0.61 -0.028 0.0))
    (0.689344672336168 (0.61 -0.028 0.0))
    (0.6903451725862931 (0.61 -0.028 0.0))
    (0.6913456728364181 (0.61 -0.028 0.0))
    (0.6923461730865432 (0.61 -0.028 0.0))
    (0.6933466733366683 (0.61 -0.028 0.0))
    (0.6943471735867933 (0.61 -0.028 0.0))
    (0.6953476738369184 (0.61 -0.028 0.0))
    (0.6963481740870435 (0.61 -0.028 0.0))
    (0.6973486743371685 (0.61 -0.028 0.0))
    (0.6983491745872936 (0.61 -0.028 0.0))
    (0.6993496748374186 (0.61 -0.028 0.0))
    (0.7003501750875437 (0.61 -0.028 0.0))
    (0.7013506753376688 (0.61 -0.028 0.0))
    (0.7023511755877938 (0.61 -0.028 0.0))
    (0.7033516758379189 (0.61 -0.028 0.0))
    (0.704352176088044 (0.61 -0.028 0.0))
    (0.705352676338169 (0.61 -0.028 0.0))
    (0.7063531765882941 (0.61 -0.028 0.0))
    (0.7073536768384192 (0.61 -0.028 0.0))
    (0.7083541770885442 (0.61 -0.028 0.0))
    (0.7093546773386693 (0.61 -0.028 0.0))
    (0.7103551775887943 (0.61 -0.028 0.0))
    (0.7113556778389194 (0.61 -0.028 0.0))
    (0.7123561780890445 (0.61 -0.028 0.0))
    (0.7133566783391695 (0.61 -0.028 0.0))
    (0.7143571785892946 (0.61 -0.028 0.0))
    (0.7153576788394197 (0.61 -0.028 0.0))
    (0.7163581790895447 (0.61 -0.028 0.0))
    (0.7173586793396698 (0.61 -0.028 0.0))
    (0.7183591795897949 (0.61 -0.028 0.0))
    (0.7193596798399199 (0.61 -0.028 0.0))
    (0.720360180090045 (0.61 -0.028 0.0))
    (0.72136068034017 (0.61 -0.028 0.0))
    (0.7223611805902951 (0.61 -0.028 0.0))
    (0.7233616808404202 (0.61 -0.028 0.0))
    (0.7243621810905452 (0.61 -0.028 0.0))
    (0.7253626813406703 (0.61 -0.028 0.0))
    (0.7263631815907954 (0.61 -0.028 0.0))
    (0.7273636818409204 (0.61 -0.028 0.0))
    (0.7283641820910455 (0.61 -0.028 0.0))
    (0.7293646823411706 (0.61 -0.028 0.0))
    (0.7303651825912956 (0.61 -0.028 0.0))
    (0.7313656828414207 (0.61 -0.028 0.0))
    (0.7323661830915458 (0.61 -0.028 0.0))
    (0.7333666833416708 (0.61 -0.028 0.0))
    (0.7343671835917959 (0.61 -0.028 0.0))
    (0.7353676838419209 (0.61 -0.028 0.0))
    (0.736368184092046 (0.61 -0.028 0.0))
    (0.7373686843421711 (0.61 -0.028 0.0))
    (0.7383691845922961 (0.61 -0.028 0.0))
    (0.7393696848424212 (0.61 -0.028 0.0))
    (0.7403701850925463 (0.61 -0.028 0.0))
    (0.7413706853426713 (0.61 -0.028 0.0))
    (0.7423711855927964 (0.61 -0.028 0.0))
    (0.7433716858429215 (0.61 -0.028 0.0))
    (0.7443721860930465 (0.61 -0.028 0.0))
    (0.7453726863431716 (0.61 -0.028 0.0))
    (0.7463731865932965 (0.61 -0.028 0.0))
    (0.7473736868434216 (0.61 -0.028 0.0))
    (0.7483741870935467 (0.61 -0.028 0.0))
    (0.7493746873436717 (0.61 -0.028 0.0))
    (0.7503751875937968 (0.61 -0.028 0.0))
    (0.751375687843922 (0.61 -0.028 0.0))
    (0.7523761880940469 (0.61 -0.028 0.0))
    (0.753376688344172 (0.61 -0.028 0.0))
    (0.7543771885942971 (0.61 -0.028 0.0))
    (0.7553776888444221 (0.61 -0.028 0.0))
    (0.7563781890945472 (0.61 -0.028 0.0))
    (0.7573786893446722 (0.61 -0.028 0.0))
    (0.7583791895947973 (0.61 -0.028 0.0))
    (0.7593796898449224 (0.61 -0.028 0.0))
    (0.7603801900950474 (0.61 -0.028 0.0))
    (0.7613806903451725 (0.61 -0.028 0.0))
    (0.7623811905952976 (0.61 -0.028 0.0))
    (0.7633816908454226 (0.61 -0.028 0.0))
    (0.7643821910955477 (0.61 -0.028 0.0))
    (0.7653826913456728 (0.61 -0.028 0.0))
    (0.7663831915957978 (0.61 -0.028 0.0))
    (0.7673836918459229 (0.61 -0.028 0.0))
    (0.7683841920960479 (0.61 -0.028 0.0))
    (0.769384692346173 (0.61 -0.028 0.0))
    (0.7703851925962981 (0.61 -0.028 0.0))
    (0.7713856928464231 (0.61 -0.028 0.0))
    (0.7723861930965482 (0.61 -0.028 0.0))
    (0.7733866933466733 (0.61 -0.028 0.0))
    (0.7743871935967983 (0.61 -0.028 0.0))
    (0.7753876938469234 (0.61 -0.028 0.0))
    (0.7763881940970485 (0.61 -0.028 0.0))
    (0.7773886943471735 (0.61 -0.028 0.0))
    (0.7783891945972986 (0.61 -0.028 0.0))
    (0.7793896948474237 (0.61 -0.028 0.0))
    (0.7803901950975487 (0.61 -0.028 0.0))
    (0.7813906953476738 (0.61 -0.028 0.0))
    (0.7823911955977988 (0.61 -0.028 0.0))
    (0.7833916958479239 (0.61 -0.028 0.0))
    (0.784392196098049 (0.61 -0.028 0.0))
    (0.785392696348174 (0.61 -0.028 0.0))
    (0.7863931965982991 (0.61 -0.028 0.0))
    (0.7873936968484242 (0.61 -0.028 0.0))
    (0.7883941970985492 (0.61 -0.028 0.0))
    (0.7893946973486743 (0.61 -0.028 0.0))
    (0.7903951975987994 (0.61 -0.028 0.0))
    (0.7913956978489244 (0.61 -0.028 0.0))
    (0.7923961980990495 (0.61 -0.028 0.0))
    (0.7933966983491745 (0.61 -0.028 0.0))
    (0.7943971985992996 (0.61 -0.028 0.0))
    (0.7953976988494247 (0.61 -0.028 0.0))
    (0.7963981990995497 (0.61 -0.028 0.0))
    (0.7973986993496748 (0.61 -0.028 0.0))
    (0.7983991995997999 (0.61 -0.028 0.0))
    (0.7993996998499249 (0.61 -0.028 0.0))
    (0.80040020010005 (0.61 -0.028 0.0))
    (0.8014007003501751 (0.61 -0.028 0.0))
    (0.8024012006003001 (0.61 -0.028 0.0))
    (0.8034017008504252 (0.61 -0.028 0.0))
    (0.8044022011005502 (0.61 -0.028 0.0))
    (0.8054027013506753 (0.61 -0.028 0.0))
    (0.8064032016008004 (0.61 -0.028 0.0))
    (0.8074037018509254 (0.61 -0.028 0.0))
    (0.8084042021010505 (0.61 -0.028 0.0))
    (0.8094047023511756 (0.61 -0.028 0.0))
    (0.8104052026013006 (0.61 -0.028 0.0))
    (0.8114057028514257 (0.61 -0.028 0.0))
    (0.8124062031015508 (0.61 -0.028 0.0))
    (0.8134067033516758 (0.61 -0.028 0.0))
    (0.8144072036018009 (0.61 -0.028 0.0))
    (0.815407703851926 (0.61 -0.028 0.0))
    (0.816408204102051 (0.61 -0.028 0.0))
    (0.817408704352176 (0.61 -0.028 0.0))
    (0.818409204602301 (0.61 -0.028 0.0))
    (0.8194097048524261 (0.61 -0.028 0.0))
    (0.8204102051025512 (0.61 -0.028 0.0))
    (0.8214107053526762 (0.61 -0.028 0.0))
    (0.8224112056028013 (0.61 -0.028 0.0))
    (0.8234117058529264 (0.61 -0.028 0.0))
    (0.8244122061030514 (0.61 -0.028 0.0))
    (0.8254127063531765 (0.61 -0.028 0.0))
    (0.8264132066033016 (0.61 -0.028 0.0))
    (0.8274137068534266 (0.61 -0.028 0.0))
    (0.8284142071035517 (0.61 -0.028 0.0))
    (0.8294147073536767 (0.61 -0.028 0.0))
    (0.8304152076038018 (0.61 -0.028 0.0))
    (0.8314157078539269 (0.61 -0.028 0.0))
    (0.8324162081040519 (0.61 -0.028 0.0))
    (0.833416708354177 (0.61 -0.028 0.0))
    (0.8344172086043021 (0.61 -0.028 0.0))
    (0.8354177088544271 (0.61 -0.028 0.0))
    (0.8364182091045522 (0.61 -0.028 0.0))
    (0.8374187093546773 (0.61 -0.028 0.0))
    (0.8384192096048023 (0.61 -0.028 0.0))
    (0.8394197098549274 (0.61 -0.028 0.0))
    (0.8404202101050524 (0.61 -0.028 0.0))
    (0.8414207103551775 (0.61 -0.028 0.0))
    (0.8424212106053026 (0.61 -0.028 0.0))
    (0.8434217108554276 (0.61 -0.028 0.0))
    (0.8444222111055527 (0.61 -0.028 0.0))
    (0.8454227113556778 (0.61 -0.028 0.0))
    (0.8464232116058028 (0.61 -0.028 0.0))
    (0.8474237118559279 (0.61 -0.028 0.0))
    (0.848424212106053 (0.61 -0.028 0.0))
    (0.849424712356178 (0.61 -0.028 0.0))
    (0.8504252126063031 (0.61 -0.028 0.0))
    (0.8514257128564282 (0.61 -0.028 0.0))
    (0.8524262131065532 (0.61 -0.028 0.0))
    (0.8534267133566783 (0.61 -0.028 0.0))
    (0.8544272136068033 (0.61 -0.028 0.0))
    (0.8554277138569284 (0.61 -0.028 0.0))
    (0.8564282141070535 (0.61 -0.028 0.0))
    (0.8574287143571785 (0.61 -0.028 0.0))
    (0.8584292146073036 (0.61 -0.028 0.0))
    (0.8594297148574287 (0.61 -0.028 0.0))
    (0.8604302151075537 (0.61 -0.028 0.0))
    (0.8614307153576788 (0.61 -0.028 0.0))
    (0.8624312156078039 (0.61 -0.028 0.0))
    (0.8634317158579289 (0.61 -0.028 0.0))
    (0.864432216108054 (0.61 -0.028 0.0))
    (0.865432716358179 (0.61 -0.028 0.0))
    (0.8664332166083041 (0.61 -0.028 0.0))
    (0.8674337168584292 (0.61 -0.028 0.0))
    (0.8684342171085542 (0.61 -0.028 0.0))
    (0.8694347173586793 (0.61 -0.028 0.0))
    (0.8704352176088044 (0.61 -0.028 0.0))
    (0.8714357178589294 (0.61 -0.028001496744872727 0.0))
    (0.8724362181090545 (0.61 -0.028211037110854868 0.0))
    (0.8734367183591796 (0.61 -0.028420554311079878 0.0))
    (0.8744372186093046 (0.61 -0.028630025346632726 0.0))
    (0.8754377188594297 (0.61 -0.028839427223666003 0.0))
    (0.8764382191095547 (0.61 -0.0290487369559238 0.0))
    (0.8774387193596798 (0.61 -0.029257931567265128 0.0))
    (0.8784392196098049 (0.61 -0.029466988094185863 0.0))
    (0.8794397198599299 (0.61 -0.02967588358833956 0.0))
    (0.880440220110055 (0.61 -0.029884595119056563 0.0))
    (0.8814407203601801 (0.61 -0.030093099775861 0.0))
    (0.882441220610305 (0.61 -0.03030137467098576 0.0))
    (0.8834417208604302 (0.61 -0.03050939694188497 0.0))
    (0.8844422211105553 (0.61 -0.03071714375374351 0.0))
    (0.8854427213606803 (0.61 -0.03092459230198368 0.0))
    (0.8864432216108054 (0.61 -0.031131719814768533 0.0))
    (0.8874437218609305 (0.61 -0.031338503555501454 0.0))
    (0.8884442221110554 (0.61 -0.03154492082532203 0.0))
    (0.8894447223611806 (0.61 -0.0317509489655978 0.0))
    (0.8904452226113055 (0.61 -0.031956565360411346 0.0))
    (0.8914457228614306 (0.61 -0.03216174743904308 0.0))
    (0.8924462231115557 (0.61 -0.032366472678448645 0.0))
    (0.8934467233616807 (0.61 -0.03257071860573141 0.0))
    (0.8944472236118058 (0.61 -0.03277446280060937 0.0))
    (0.8954477238619309 (0.61 -0.032977682897876136 0.0))
    (0.8964482241120559 (0.61 -0.03318035658985605 0.0))
    (0.897448724362181 (0.61 -0.03338246162885297 0.0))
    (0.8984492246123061 (0.61 -0.03358397582959231 0.0))
    (0.8994497248624311 (0.61 -0.03378487707165639 0.0))
    (0.9004502251125562 (0.61 -0.033985143301912685 0.0))
    (0.9014507253626812 (0.61 -0.034184752536934496 0.0))
    (0.9024512256128063 (0.61 -0.034383682865414204 0.0))
    (0.9034517258629314 (0.61 -0.03458191245056842 0.0))
    (0.9044522261130564 (0.61 -0.034779419532535036 0.0))
    (0.9054527263631815 (0.61 -0.03497618243076193 0.0))
    (0.9064532266133066 (0.61 -0.03517217954638669 0.0))
    (0.9074537268634316 (0.61 -0.03536738936460767 0.0))
    (0.9084542271135567 (0.61 -0.03556179045704569 0.0))
    (0.9094547273636818 (0.61 -0.03575536148409618 0.0))
    (0.9104552276138068 (0.61 -0.035948081197271664 0.0))
    (0.9114557278639319 (0.61 -0.03613992844153434 0.0))
    (0.9124562281140569 (0.61 -0.03633088215761808 0.0))
    (0.913456728364182 (0.61 -0.03652092138434037 0.0))
    (0.9144572286143071 (0.61 -0.03671002526090303 0.0))
    (0.9154577288644321 (0.61 -0.03689817302918223 0.0))
    (0.9164582291145572 (0.61 -0.03708534403600716 0.0))
    (0.9174587293646823 (0.61 -0.037271517735427064 0.0))
    (0.9184592296148073 (0.61 -0.0374566736909666 0.0))
    (0.9194597298649324 (0.61 -0.03764079157786928 0.0))
    (0.9204602301150575 (0.61 -0.03782385118532839 0.0))
    (0.9214607303651825 (0.61 -0.038005832418705636 0.0))
    (0.9224612306153076 (0.61 -0.038186715301736986 0.0))
    (0.9234617308654326 (0.61 -0.03836647997872535 0.0))
    (0.9244622311155577 (0.61 -0.03854510671672036 0.0))
    (0.9254627313656828 (0.61 -0.03872257590768424 0.0))
    (0.9264632316158078 (0.61 -0.038898868070644396 0.0))
    (0.9274637318659329 (0.61 -0.03907396385383179 0.0))
    (0.928464232116058 (0.61 -0.03924784403680518 0.0))
    (0.929464732366183 (0.61 -0.03942048953256097 0.0))
    (0.9304652326163081 (0.61 -0.039591881389628485 0.0))
    (0.9314657328664332 (0.61 -0.03976200079415019 0.0))
    (0.9324662331165582 (0.61 -0.03993082907194695 0.0))
    (0.9334667333666833 (0.61 -0.04009834769056797 0.0))
    (0.9344672336168084 (0.61 -0.04026453826132501 0.0))
    (0.9354677338669334 (0.61 -0.040429382541311 0.0))
    (0.9364682341170585 (0.61 -0.04059286243540261 0.0))
    (0.9374687343671835 (0.61 -0.040754959998246465 0.0))
    (0.9384692346173086 (0.61 -0.04091565743622915 0.0))
    (0.9394697348674337 (0.61 -0.04107493710943034 0.0))
    (0.9404702351175587 (0.61 -0.041232781533559165 0.0))
    (0.9414707353676838 (0.61 -0.04138917338187356 0.0))
    (0.9424712356178089 (0.61 -0.04154409548708213 0.0))
    (0.9434717358679339 (0.61 -0.041697530843228636 0.0))
    (0.944472236118059 (0.61 -0.04184946260755888 0.0))
    (0.9454727363681841 (0.61 -0.04199987410236939 0.0))
    (0.9464732366183091 (0.61 -0.04214874881683821 0.0))
    (0.9474737368684342 (0.61 -0.042296070408837365 0.0))
    (0.9484742371185592 (0.61 -0.04244182270672665 0.0))
    (0.9494747373686843 (0.61 -0.042585989711128945 0.0))
    (0.9504752376188094 (0.61 -0.042728555596686306 0.0))
    (0.9514757378689344 (0.61 -0.04286950471379726 0.0))
    (0.9524762381190595 (0.61 -0.04300882159033467 0.0))
    (0.9534767383691846 (0.61 -0.04314649093334406 0.0))
    (0.9544772386193096 (0.61 -0.04328249763072237 0.0))
    (0.9554777388694347 (0.61 -0.0434168267528769 0.0))
    (0.9564782391195598 (0.61 -0.043549463554363996 0.0))
    (0.9574787393696848 (0.61 -0.04368039347550779 0.0))
    (0.9584792396198099 (0.61 -0.04380960214399842 0.0))
    (0.9594797398699348 (0.61 -0.04393707537646962 0.0))
    (0.96048024012006 (0.61 -0.04406279918005574 0.0))
    (0.961480740370185 (0.61 -0.044186759753927676 0.0))
    (0.96248124062031 (0.61 -0.04430894349080783 0.0))
    (0.9634817408704351 (0.61 -0.04442933697846384 0.0))
    (0.9644822411205602 (0.61 -0.04454792700118075 0.0))
    (0.9654827413706852 (0.61 -0.04466470054121183 0.0))
    (0.9664832416208103 (0.61 -0.04477964478020746 0.0))
    (0.9674837418709354 (0.61 -0.04489274710062227 0.0))
    (0.9684842421210604 (0.61 -0.04500399508710011 0.0))
    (0.9694847423711855 (0.61 -0.04511337652783701 0.0))
    (0.9704852426213106 (0.61 -0.04522087941592154 0.0))
    (0.9714857428714356 (0.61 -0.04532649195065295 0.0))
    (0.9724862431215607 (0.61 -0.04543020253883647 0.0))
    (0.9734867433716857 (0.61 -0.04553199979605592 0.0))
    (0.9744872436218108 (0.61 -0.045631872547923426 0.0))
    (0.9754877438719359 (0.61 -0.045729809831305965 0.0))
    (0.9764882441220609 (0.61 -0.04582580089552887 0.0))
    (0.977488744372186 (0.61 -0.045919835203555956 0.0))
    (0.9784892446223111 (0.61 -0.046011902433146075 0.0))
    (0.9794897448724361 (0.61 -0.04610199247798631 0.0))
    (0.9804902451225612 (0.61 -0.04619009544880133 0.0))
    (0.9814907453726863 (0.61 -0.0462762016744389 0.0))
    (0.9824912456228113 (0.61 -0.04636030170293151 0.0))
    (0.9834917458729364 (0.61 -0.046442386302534 0.0))
    (0.9844922461230614 (0.61 -0.0465224464627368 0.0))
    (0.9854927463731865 (0.61 -0.04660047339525518 0.0))
    (0.9864932466233116 (0.61 -0.0466764585349938 0.0))
    (0.9874937468734366 (0.61 -0.046750393540987006 0.0))
    (0.9884942471235617 (0.61 -0.046822270297314436 0.0))
    (0.9894947473736868 (0.61 -0.046892080913991815 0.0))
    (0.9904952476238118 (0.61 -0.046959817727837125 0.0))
    (0.9914957478739369 (0.61 -0.04702547330331182 0.0))
    (0.992496248124062 (0.61 -0.04708904043333695 0.0))
    (0.993496748374187 (0.61 -0.04715051214008434 0.0))
    (0.9944972486243121 (0.61 -0.04720988167574259 0.0))
    (0.9954977488744371 (0.61 -0.047267142523257685 0.0))
    (0.9964982491245622 (0.61 -0.047322288397048495 0.0))
    (0.9974987493746873 (0.61 -0.04737531324369666 0.0))
    (0.9984992496248123 (0.61 -0.04742621124261112 0.0))
    (0.9994997498749374 (0.61 -0.04747497680666707 0.0))
    (1.0005002501250624 (0.61 -0.04752160458281919 0.0))
    (1.0015007503751876 (0.61 -0.04756608945268935 0.0))
    (1.0025012506253126 (0.61 -0.04760842653312837 0.0))
    (1.0035017508754376 (0.61 -0.047648611176752106 0.0))
    (1.0045022511255628 (0.61 -0.04768663897245159 0.0))
    (1.0055027513756878 (0.61 -0.047722505745877206 0.0))
    (1.0065032516258128 (0.61 -0.04775620755989696 0.0))
    (1.007503751875938 (0.61 -0.04778774071502864 0.0))
    (1.008504252126063 (0.61 -0.04781710174984591 0.0))
    (1.009504752376188 (0.61 -0.04784428744135827 0.0))
    (1.0105052526263132 (0.61 -0.04786929480536488 0.0))
    (1.0115057528764382 (0.61 -0.04789212109678208 0.0))
    (1.0125062531265632 (0.61 -0.047912763809944775 0.0))
    (1.0135067533766882 (0.61 -0.04793122067888146 0.0))
    (1.0145072536268134 (0.61 -0.047947489677562974 0.0))
    (1.0155077538769384 (0.61 -0.047961569020124856 0.0))
    (1.0165082541270634 (0.61 -0.04797345716106345 0.0))
    (1.0175087543771886 (0.61 -0.04798315279540549 0.0))
    (1.0185092546273136 (0.61 -0.047990654858851386 0.0))
    (1.0195097548774386 (0.61 -0.04799596252789204 0.0))
    (1.0205102551275638 (0.61 -0.04799907521989927 0.0))
    (1.0215107553776888 (0.61 -0.0479999925931897 0.0))
    (1.0225112556278138 (0.61 -0.047998714547062366 0.0))
    (1.023511755877939 (0.61 -0.047995241221809655 0.0))
    (1.024512256128064 (0.61 -0.04798957299870202 0.0))
    (1.025512756378189 (0.61 -0.04798171049994602 0.0))
    (1.0265132566283142 (0.61 -0.04797165458861612 0.0))
    (1.0275137568784392 (0.61 -0.04795940636855986 0.0))
    (1.0285142571285641 (0.61 -0.04794496718427675 0.0))
    (1.0295147573786894 (0.61 -0.04792833862077066 0.0))
    (1.0305152576288144 (0.61 -0.04790952250337583 0.0))
    (1.0315157578789393 (0.61 -0.04788852089755649 0.0))
    (1.0325162581290646 (0.61 -0.04786533610868016 0.0))
    (1.0335167583791895 (0.61 -0.04783997068176456 0.0))
    (1.0345172586293145 (0.61 -0.047812427401198274 0.0))
    (1.0355177588794398 (0.61 -0.04778270929043506 0.0))
    (1.0365182591295647 (0.61 -0.047750819611662 0.0))
    (1.0375187593796897 (0.61 -0.047716761865441396 0.0))
    (1.0385192596298147 (0.61 -0.04768053979032649 0.0))
    (1.03951975987994 (0.61 -0.047642157362451115 0.0))
    (1.040520260130065 (0.61 -0.04760161879509321 0.0))
    (1.04152076038019 (0.61 -0.04755892853821231 0.0))
    (1.0425212606303151 (0.61 -0.04751409127796109 0.0))
    (1.0435217608804401 (0.61 -0.047467111936170994 0.0))
    (1.0445222611305651 (0.61 -0.04741799566981186 0.0))
    (1.0455227613806903 (0.61 -0.04736674787042594 0.0))
    (1.0465232616308153 (0.61 -0.04731337416353601 0.0))
    (1.0475237618809403 (0.61 -0.04725788040802787 0.0))
    (1.0485242621310655 (0.61 -0.04720027269550718 0.0))
    (1.0495247623811905 (0.61 -0.04714055734963085 0.0))
    (1.0505252626313155 (0.61 -0.047078740925412775 0.0))
    (1.0515257628814407 (0.61 -0.04701483020850436 0.0))
    (1.0525262631315657 (0.61 -0.04694883221444968 0.0))
    (1.0535267633816907 (0.61 -0.04688075418791529 0.0))
    (1.054527263631816 (0.61 -0.04681060360189501 0.0))
    (1.055527763881941 (0.61 -0.04673838815688966 0.0))
    (1.056528264132066 (0.61 -0.04666411578006166 0.0))
    (1.0575287643821911 (0.61 -0.04658779462436494 0.0))
    (1.0585292646323161 (0.61 -0.04650943306764999 0.0))
    (1.059529764882441 (0.61 -0.04642903971174414 0.0))
    (1.060530265132566 (0.61 -0.0463466233815074 0.0))
    (1.0615307653826913 (0.61 -0.046262193123863676 0.0))
    (1.0625312656328163 (0.61 -0.0461757582068078 0.0))
    (1.0635317658829413 (0.61 -0.04608732811838802 0.0))
    (1.0645322661330665 (0.61 -0.04599691256566458 0.0))
    (1.0655327663831915 (0.61 -0.0459045214736442 0.0))
    (1.0665332666333165 (0.61 -0.04581016498419049 0.0))
    (1.0675337668834417 (0.61 -0.045713853454910726 0.0))
    (1.0685342671335667 (0.61 -0.045615597458018936 0.0))
    (1.0695347673836917 (0.61 -0.04551540777917526 0.0))
    (1.070535267633817 (0.61 -0.04541329541630209 0.0))
    (1.071535767883942 (0.61 -0.04530927157837682 0.0))
    (1.0725362681340669 (0.61 -0.04520334768420134 0.0))
    (1.073536768384192 (0.61 -0.04509553536114863 0.0))
    (1.074537268634317 (0.61 -0.04498584644388652 0.0))
    (1.075537768884442 (0.61 -0.044874292973078364 0.0))
    (1.0765382691345673 (0.61 -0.04476088719406149 0.0))
    (1.0775387693846923 (0.61 -0.044645641555503005 0.0))
    (1.0785392696348173 (0.61 -0.044528568708033206 0.0))
    (1.0795397698849425 (0.61 -0.04440968150285698 0.0))
    (1.0805402701350675 (0.61 -0.044288992990343126 0.0))
    (1.0815407703851925 (0.61 -0.044166516418591734 0.0))
    (1.0825412706353177 (0.61 -0.04404226523197993 0.0))
    (1.0835417708854427 (0.61 -0.04391625306968623 0.0))
    (1.0845422711355677 (0.61 -0.04378849376419312 0.0))
    (1.0855427713856927 (0.61 -0.043659001339768785 0.0))
    (1.0865432716358179 (0.61 -0.04352779001092764 0.0))
    (1.0875437718859429 (0.61 -0.043394874180870006 0.0))
    (1.0885442721360679 (0.61 -0.04326026843990099 0.0))
    (1.089544772386193 (0.61 -0.04312398756382889 0.0))
    (1.090545272636318 (0.61 -0.0429860465123434 0.0))
    (1.091545772886443 (0.61 -0.04284646042737324 0.0))
    (1.0925462731365683 (0.61 -0.042705244631424125 0.0))
    (1.0935467733866933 (0.61 -0.04256241462589688 0.0))
    (1.0945472736368183 (0.61 -0.042417986089385656 0.0))
    (1.0955477738869435 (0.61 -0.04227197487595699 0.0))
    (1.0965482741370685 (0.61 -0.04212439701340952 0.0))
    (1.0975487743871934 (0.61 -0.04197526870151447 0.0))
    (1.0985492746373187 (0.61 -0.04182460631023745 0.0))
    (1.0995497748874437 (0.61 -0.041672426377941635 0.0))
    (1.1005502751375686 (0.61 -0.04151874560957207 0.0))
    (1.1015507753876939 (0.61 -0.04136358087482215 0.0))
    (1.1025512756378189 (0.61 -0.041206949206281804 0.0))
    (1.1035517758879438 (0.61 -0.041048867797567716 0.0))
    (1.104552276138069 (0.61 -0.04088935400143598 0.0))
    (1.105552776388194 (0.61 -0.04072842532787742 0.0))
    (1.106553276638319 (0.61 -0.04056609944219529 0.0))
    (1.1075537768884443 (0.61 -0.040402394163066215 0.0))
    (1.1085542771385692 (0.61 -0.040237327460584366 0.0))
    (1.1095547773886942 (0.61 -0.04007091745428859 0.0))
    (1.1105552776388192 (0.61 -0.03990318241117364 0.0))
    (1.1115557778889444 (0.61 -0.039734140743684795 0.0))
    (1.1125562781390694 (0.61 -0.039563811007697 0.0))
    (1.1135567783891944 (0.61 -0.039392211900477606 0.0))
    (1.1145572786393196 (0.61 -0.039219362258634156 0.0))
    (1.1155577788894446 (0.61 -0.039045281056046766 0.0))
    (1.1165582791395696 (0.61 -0.038869987401785086 0.0))
    (1.1175587793896948 (0.61 -0.03869350053801084 0.0))
    (1.1185592796398198 (0.61 -0.03851583983786565 0.0))
    (1.1195597798899448 (0.61 -0.03833702480334425 0.0))
    (1.12056028014007 (0.61 -0.038157075063153814 0.0))
    (1.121560780390195 (0.61 -0.03797601037055943 0.0))
    (1.12256128064032 (0.61 -0.037793850601215526 0.0))
    (1.1235617808904452 (0.61 -0.03761061575098419 0.0))
    (1.1245622811405702 (0.61 -0.03742632593374037 0.0))
    (1.1255627813906952 (0.61 -0.03724100137916369 0.0))
    (1.1265632816408204 (0.61 -0.037054662430517915 0.0))
    (1.1275637818909454 (0.61 -0.03686732954241802 0.0))
    (1.1285642821410704 (0.61 -0.03667902327858458 0.0))
    (1.1295647823911956 (0.61 -0.03648976430958661 0.0))
    (1.1305652826413206 (0.61 -0.036299573410572675 0.0))
    (1.1315657828914456 (0.61 -0.036108471458990085 0.0))
    (1.1325662831415706 (0.61 -0.035916479432293404 0.0))
    (1.1335667833916958 (0.61 -0.03572361840564153 0.0))
    (1.1345672836418208 (0.61 -0.035529909549584564 0.0))
    (1.1355677838919458 (0.61 -0.03533537412773952 0.0))
    (1.136568284142071 (0.61 -0.035140033494456394 0.0))
    (1.137568784392196 (0.61 -0.03494390909247419 0.0))
    (1.138569284642321 (0.61 -0.034747022450566836 0.0))
    (1.1395697848924462 (0.61 -0.03454939518118016 0.0))
    (1.1405702851425712 (0.61 -0.03435104897805949 0.0))
    (1.1415707853926962 (0.61 -0.034152005613868164 0.0))
    (1.1425712856428214 (0.61 -0.03395228693779754 0.0))
    (1.1435717858929464 (0.61 -0.033751914873168816 0.0))
    (1.1445722861430714 (0.61 -0.03355091141502616 0.0))
    (1.1455727863931966 (0.61 -0.03334929862772246 0.0))
    (1.1465732866433216 (0.61 -0.033147098642497395 0.0))
    (1.1475737868934466 (0.61 -0.032944333655047835 0.0))
    (1.1485742871435718 (0.61 -0.03274102592309153 0.0))
    (1.1495747873936968 (0.61 -0.03253719776392393 0.0))
    (1.1505752876438218 (0.61 -0.032332871551968234 0.0))
    (1.151575787893947 (0.61 -0.03212806971631934 0.0))
    (1.152576288144072 (0.61 -0.03192281473828203 0.0))
    (1.153576788394197 (0.61 -0.0317171291489028 0.0))
    (1.1545772886443222 (0.61 -0.031511035526496825 0.0))
    (1.1555777888944472 (0.61 -0.03130455649416959 0.0))
    (1.1565782891445722 (0.61 -0.03109771471733329 0.0))
    (1.1575787893946972 (0.61 -0.030890532901219004 0.0))
    (1.1585792896448224 (0.61 -0.03068303378838421 0.0))
    (1.1595797898949474 (0.61 -0.030475240156216513 0.0))
    (1.1605802901450724 (0.61 -0.030267174814433053 0.0))
    (1.1615807903951976 (0.61 -0.030058860602576835 0.0))
    (1.1625812906453226 (0.61 -0.029850320387509684 0.0))
    (1.1635817908954476 (0.61 -0.02964157706090193 0.0))
    (1.1645822911455728 (0.61 -0.029432653536719634 0.0))
    (1.1655827913956978 (0.61 -0.02922357274870946 0.0))
    (1.1665832916458228 (0.61 -0.02901435764788097 0.0))
    (1.167583791895948 (0.61 -0.028805031199987355 0.0))
    (1.168584292146073 (0.61 -0.02859561638300465 0.0))
    (1.169584792396198 (0.61 -0.02838613618460908 0.0))
    (1.1705852926463232 (0.61 -0.0281766135996539 0.0))
    (1.1715857928964482 (0.61 -0.028 0.0))
    (1.1725862931465731 (0.61 -0.028 0.0))
    (1.1735867933966984 (0.61 -0.028 0.0))
    (1.1745872936468233 (0.61 -0.028 0.0))
    (1.1755877938969483 (0.61 -0.028 0.0))
    (1.1765882941470736 (0.61 -0.028 0.0))
    (1.1775887943971985 (0.61 -0.028 0.0))
    (1.1785892946473235 (0.61 -0.028 0.0))
    (1.1795897948974485 (0.61 -0.028 0.0))
    (1.1805902951475737 (0.61 -0.028 0.0))
    (1.1815907953976987 (0.61 -0.028 0.0))
    (1.1825912956478237 (0.61 -0.028 0.0))
    (1.183591795897949 (0.61 -0.028 0.0))
    (1.184592296148074 (0.61 -0.028 0.0))
    (1.185592796398199 (0.61 -0.028 0.0))
    (1.1865932966483241 (0.61 -0.028 0.0))
    (1.1875937968984491 (0.61 -0.028 0.0))
    (1.1885942971485741 (0.61 -0.028 0.0))
    (1.1895947973986993 (0.61 -0.028 0.0))
    (1.1905952976488243 (0.61 -0.028 0.0))
    (1.1915957978989493 (0.61 -0.028 0.0))
    (1.1925962981490745 (0.61 -0.028 0.0))
    (1.1935967983991995 (0.61 -0.028 0.0))
    (1.1945972986493245 (0.61 -0.028 0.0))
    (1.1955977988994497 (0.61 -0.028 0.0))
    (1.1965982991495747 (0.61 -0.028 0.0))
    (1.1975987993996997 (0.61 -0.028 0.0))
    (1.198599299649825 (0.61 -0.028 0.0))
    (1.19959979989995 (0.61 -0.028 0.0))
    (1.200600300150075 (0.61 -0.028 0.0))
    (1.2016008004002001 (0.61 -0.028 0.0))
    (1.2026013006503251 (0.61 -0.028 0.0))
    (1.20360180090045 (0.61 -0.028 0.0))
    (1.204602301150575 (0.61 -0.028 0.0))
    (1.2056028014007003 (0.61 -0.028 0.0))
    (1.2066033016508253 (0.61 -0.028 0.0))
    (1.2076038019009503 (0.61 -0.028 0.0))
    (1.2086043021510755 (0.61 -0.028 0.0))
    (1.2096048024012005 (0.61 -0.028 0.0))
    (1.2106053026513255 (0.61 -0.028 0.0))
    (1.2116058029014507 (0.61 -0.028 0.0))
    (1.2126063031515757 (0.61 -0.028 0.0))
    (1.2136068034017007 (0.61 -0.028 0.0))
    (1.214607303651826 (0.61 -0.028 0.0))
    (1.215607803901951 (0.61 -0.028 0.0))
    (1.2166083041520759 (0.61 -0.028 0.0))
    (1.217608804402201 (0.61 -0.028 0.0))
    (1.218609304652326 (0.61 -0.028 0.0))
    (1.219609804902451 (0.61 -0.028 0.0))
    (1.2206103051525763 (0.61 -0.028 0.0))
    (1.2216108054027013 (0.61 -0.028 0.0))
    (1.2226113056528263 (0.61 -0.028 0.0))
    (1.2236118059029515 (0.61 -0.028 0.0))
    (1.2246123061530765 (0.61 -0.028 0.0))
    (1.2256128064032015 (0.61 -0.028 0.0))
    (1.2266133066533267 (0.61 -0.028 0.0))
    (1.2276138069034517 (0.61 -0.028 0.0))
    (1.2286143071535767 (0.61 -0.028 0.0))
    (1.2296148074037017 (0.61 -0.028 0.0))
    (1.2306153076538269 (0.61 -0.028 0.0))
    (1.2316158079039519 (0.61 -0.028 0.0))
    (1.2326163081540769 (0.61 -0.028 0.0))
    (1.233616808404202 (0.61 -0.028 0.0))
    (1.234617308654327 (0.61 -0.028 0.0))
    (1.235617808904452 (0.61 -0.028 0.0))
    (1.2366183091545773 (0.61 -0.028 0.0))
    (1.2376188094047023 (0.61 -0.028 0.0))
    (1.2386193096548272 (0.61 -0.028 0.0))
    (1.2396198099049525 (0.61 -0.028 0.0))
    (1.2406203101550775 (0.61 -0.028 0.0))
    (1.2416208104052024 (0.61 -0.028 0.0))
    (1.2426213106553277 (0.61 -0.028 0.0))
    (1.2436218109054527 (0.61 -0.028 0.0))
    (1.2446223111555776 (0.61 -0.028 0.0))
    (1.2456228114057029 (0.61 -0.028 0.0))
    (1.2466233116558278 (0.61 -0.028 0.0))
    (1.2476238119059528 (0.61 -0.028 0.0))
    (1.248624312156078 (0.61 -0.028 0.0))
    (1.249624812406203 (0.61 -0.028 0.0))
    (1.250625312656328 (0.61 -0.028 0.0))
    (1.251625812906453 (0.61 -0.028 0.0))
    (1.2526263131565782 (0.61 -0.028 0.0))
    (1.2536268134067032 (0.61 -0.028 0.0))
    (1.2546273136568282 (0.61 -0.028 0.0))
    (1.2556278139069534 (0.61 -0.028 0.0))
    (1.2566283141570784 (0.61 -0.028 0.0))
    (1.2576288144072034 (0.61 -0.028 0.0))
    (1.2586293146573286 (0.61 -0.028 0.0))
    (1.2596298149074536 (0.61 -0.028 0.0))
    (1.2606303151575786 (0.61 -0.028 0.0))
    (1.2616308154077038 (0.61 -0.028 0.0))
    (1.2626313156578288 (0.61 -0.028 0.0))
    (1.2636318159079538 (0.61 -0.028 0.0))
    (1.264632316158079 (0.61 -0.028 0.0))
    (1.265632816408204 (0.61 -0.028 0.0))
    (1.266633316658329 (0.61 -0.028 0.0))
    (1.2676338169084542 (0.61 -0.028 0.0))
    (1.2686343171585792 (0.61 -0.028 0.0))
    (1.2696348174087042 (0.61 -0.028 0.0))
    (1.2706353176588294 (0.61 -0.028 0.0))
    (1.2716358179089544 (0.61 -0.028 0.0))
    (1.2726363181590794 (0.61 -0.028 0.0))
    (1.2736368184092046 (0.61 -0.028 0.0))
    (1.2746373186593296 (0.61 -0.028 0.0))
    (1.2756378189094546 (0.61 -0.028 0.0))
    (1.2766383191595796 (0.61 -0.028 0.0))
    (1.2776388194097048 (0.61 -0.028 0.0))
    (1.2786393196598298 (0.61 -0.028 0.0))
    (1.2796398199099548 (0.61 -0.028 0.0))
    (1.28064032016008 (0.61 -0.028 0.0))
    (1.281640820410205 (0.61 -0.028 0.0))
    (1.28264132066033 (0.61 -0.028 0.0))
    (1.2836418209104552 (0.61 -0.028 0.0))
    (1.2846423211605802 (0.61 -0.028 0.0))
    (1.2856428214107052 (0.61 -0.028 0.0))
    (1.2866433216608304 (0.61 -0.028 0.0))
    (1.2876438219109554 (0.61 -0.028 0.0))
    (1.2886443221610804 (0.61 -0.028 0.0))
    (1.2896448224112056 (0.61 -0.028 0.0))
    (1.2906453226613306 (0.61 -0.028 0.0))
    (1.2916458229114556 (0.61 -0.028 0.0))
    (1.2926463231615808 (0.61 -0.028 0.0))
    (1.2936468234117058 (0.61 -0.028 0.0))
    (1.2946473236618308 (0.61 -0.028 0.0))
    (1.295647823911956 (0.61 -0.028 0.0))
    (1.296648324162081 (0.61 -0.028 0.0))
    (1.297648824412206 (0.61 -0.028 0.0))
    (1.298649324662331 (0.61 -0.028 0.0))
    (1.2996498249124562 (0.61 -0.028 0.0))
    (1.3006503251625812 (0.61 -0.028 0.0))
    (1.3016508254127062 (0.61 -0.028 0.0))
    (1.3026513256628314 (0.61 -0.028 0.0))
    (1.3036518259129564 (0.61 -0.028 0.0))
    (1.3046523261630814 (0.61 -0.028 0.0))
    (1.3056528264132066 (0.61 -0.028 0.0))
    (1.3066533266633316 (0.61 -0.028 0.0))
    (1.3076538269134566 (0.61 -0.028 0.0))
    (1.3086543271635818 (0.61 -0.028 0.0))
    (1.3096548274137068 (0.61 -0.028 0.0))
    (1.3106553276638317 (0.61 -0.028 0.0))
    (1.311655827913957 (0.61 -0.028 0.0))
    (1.312656328164082 (0.61 -0.028 0.0))
    (1.313656828414207 (0.61 -0.028 0.0))
    (1.3146573286643322 (0.61 -0.028 0.0))
    (1.3156578289144572 (0.61 -0.028 0.0))
    (1.3166583291645821 (0.61 -0.028 0.0))
    (1.3176588294147074 (0.61 -0.028 0.0))
    (1.3186593296648323 (0.61 -0.028 0.0))
    (1.3196598299149573 (0.61 -0.028 0.0))
    (1.3206603301650826 (0.61 -0.028 0.0))
    (1.3216608304152075 (0.61 -0.028 0.0))
    (1.3226613306653325 (0.61 -0.028 0.0))
    (1.3236618309154575 (0.61 -0.028 0.0))
    (1.3246623311655827 (0.61 -0.028 0.0))
    (1.3256628314157077 (0.61 -0.028 0.0))
    (1.3266633316658327 (0.61 -0.028 0.0))
    (1.327663831915958 (0.61 -0.028 0.0))
    (1.328664332166083 (0.61 -0.028 0.0))
    (1.329664832416208 (0.61 -0.028 0.0))
    (1.3306653326663331 (0.61 -0.028 0.0))
    (1.3316658329164581 (0.61 -0.028 0.0))
    (1.3326663331665831 (0.61 -0.028 0.0))
    (1.3336668334167083 (0.61 -0.028 0.0))
    (1.3346673336668333 (0.61 -0.028 0.0))
    (1.3356678339169583 (0.61 -0.028 0.0))
    (1.3366683341670835 (0.61 -0.028 0.0))
    (1.3376688344172085 (0.61 -0.028 0.0))
    (1.3386693346673335 (0.61 -0.028 0.0))
    (1.3396698349174587 (0.61 -0.028 0.0))
    (1.3406703351675837 (0.61 -0.028 0.0))
    (1.3416708354177087 (0.61 -0.028 0.0))
    (1.342671335667834 (0.61 -0.028 0.0))
    (1.343671835917959 (0.61 -0.028 0.0))
    (1.344672336168084 (0.61 -0.028 0.0))
    (1.3456728364182091 (0.61 -0.028 0.0))
    (1.346673336668334 (0.61 -0.028 0.0))
    (1.347673836918459 (0.61 -0.028 0.0))
    (1.348674337168584 (0.61 -0.028 0.0))
    (1.3496748374187093 (0.61 -0.028 0.0))
    (1.3506753376688343 (0.61 -0.028 0.0))
    (1.3516758379189593 (0.61 -0.028 0.0))
    (1.3526763381690845 (0.61 -0.028 0.0))
    (1.3536768384192095 (0.61 -0.028 0.0))
    (1.3546773386693345 (0.61 -0.028 0.0))
    (1.3556778389194597 (0.61 -0.028 0.0))
    (1.3566783391695847 (0.61 -0.028 0.0))
    (1.3576788394197097 (0.61 -0.028 0.0))
    (1.358679339669835 (0.61 -0.028 0.0))
    (1.3596798399199599 (0.61 -0.028 0.0))
    (1.3606803401700849 (0.61 -0.028 0.0))
    (1.36168084042021 (0.61 -0.028 0.0))
    (1.362681340670335 (0.61 -0.028 0.0))
    (1.36368184092046 (0.61 -0.028 0.0))
    (1.3646823411705853 (0.61 -0.028 0.0))
    (1.3656828414207103 (0.61 -0.028 0.0))
    (1.3666833416708353 (0.61 -0.028 0.0))
    (1.3676838419209605 (0.61 -0.028 0.0))
    (1.3686843421710855 (0.61 -0.028 0.0))
    (1.3696848424212105 (0.61 -0.028 0.0))
    (1.3706853426713355 (0.61 -0.028 0.0))
    (1.3716858429214607 (0.61 -0.028 0.0))
    (1.3726863431715857 (0.61 -0.028 0.0))
    (1.3736868434217107 (0.61 -0.028 0.0))
    (1.3746873436718359 (0.61 -0.028 0.0))
    (1.3756878439219609 (0.61 -0.028 0.0))
    (1.3766883441720859 (0.61 -0.028 0.0))
    (1.377688844422211 (0.61 -0.028 0.0))
    (1.378689344672336 (0.61 -0.028 0.0))
    (1.379689844922461 (0.61 -0.028 0.0))
    (1.3806903451725863 (0.61 -0.028 0.0))
    (1.3816908454227113 (0.61 -0.028 0.0))
    (1.3826913456728362 (0.61 -0.028 0.0))
    (1.3836918459229615 (0.61 -0.028 0.0))
    (1.3846923461730865 (0.61 -0.028 0.0))
    (1.3856928464232114 (0.61 -0.028 0.0))
    (1.3866933466733367 (0.61 -0.028 0.0))
    (1.3876938469234616 (0.61 -0.028 0.0))
    (1.3886943471735866 (0.61 -0.028 0.0))
    (1.3896948474237119 (0.61 -0.028 0.0))
    (1.3906953476738368 (0.61 -0.028 0.0))
    (1.3916958479239618 (0.61 -0.028 0.0))
    (1.392696348174087 (0.61 -0.028 0.0))
    (1.393696848424212 (0.61 -0.028 0.0))
    (1.394697348674337 (0.61 -0.028 0.0))
    (1.395697848924462 (0.61 -0.028 0.0))
    (1.3966983491745872 (0.61 -0.028 0.0))
    (1.3976988494247122 (0.61 -0.028 0.0))
    (1.3986993496748372 (0.61 -0.028 0.0))
    (1.3996998499249624 (0.61 -0.028 0.0))
    (1.4007003501750874 (0.61 -0.028 0.0))
    (1.4017008504252124 (0.61 -0.028 0.0))
    (1.4027013506753376 (0.61 -0.028 0.0))
    (1.4037018509254626 (0.61 -0.028 0.0))
    (1.4047023511755876 (0.61 -0.028 0.0))
    (1.4057028514257128 (0.61 -0.028 0.0))
    (1.4067033516758378 (0.61 -0.028 0.0))
    (1.4077038519259628 (0.61 -0.028 0.0))
    (1.408704352176088 (0.61 -0.028 0.0))
    (1.409704852426213 (0.61 -0.028 0.0))
    (1.410705352676338 (0.61 -0.028 0.0))
    (1.4117058529264632 (0.61 -0.028 0.0))
    (1.4127063531765882 (0.61 -0.028 0.0))
    (1.4137068534267132 (0.61 -0.028 0.0))
    (1.4147073536768384 (0.61 -0.028 0.0))
    (1.4157078539269634 (0.61 -0.028 0.0))
    (1.4167083541770884 (0.61 -0.028 0.0))
    (1.4177088544272134 (0.61 -0.028 0.0))
    (1.4187093546773386 (0.61 -0.028 0.0))
    (1.4197098549274636 (0.61 -0.028 0.0))
    (1.4207103551775886 (0.61 -0.028 0.0))
    (1.4217108554277138 (0.61 -0.028 0.0))
    (1.4227113556778388 (0.61 -0.028 0.0))
    (1.4237118559279638 (0.61 -0.028 0.0))
    (1.424712356178089 (0.61 -0.028 0.0))
    (1.425712856428214 (0.61 -0.028 0.0))
    (1.426713356678339 (0.61 -0.028 0.0))
    (1.4277138569284642 (0.61 -0.028 0.0))
    (1.4287143571785892 (0.61 -0.028 0.0))
    (1.4297148574287142 (0.61 -0.028 0.0))
    (1.4307153576788394 (0.61 -0.028 0.0))
    (1.4317158579289644 (0.61 -0.028 0.0))
    (1.4327163581790894 (0.61 -0.028 0.0))
    (1.4337168584292146 (0.61 -0.028 0.0))
    (1.4347173586793396 (0.61 -0.028 0.0))
    (1.4357178589294646 (0.61 -0.028 0.0))
    (1.4367183591795898 (0.61 -0.028 0.0))
    (1.4377188594297148 (0.61 -0.028 0.0))
    (1.4387193596798398 (0.61 -0.028 0.0))
    (1.439719859929965 (0.61 -0.028 0.0))
    (1.44072036018009 (0.61 -0.028 0.0))
    (1.441720860430215 (0.61 -0.028 0.0))
    (1.44272136068034 (0.61 -0.028 0.0))
    (1.4437218609304652 (0.61 -0.028 0.0))
    (1.4447223611805902 (0.61 -0.028 0.0))
    (1.4457228614307152 (0.61 -0.028 0.0))
    (1.4467233616808404 (0.61 -0.028 0.0))
    (1.4477238619309654 (0.61 -0.028 0.0))
    (1.4487243621810904 (0.61 -0.028 0.0))
    (1.4497248624312156 (0.61 -0.028 0.0))
    (1.4507253626813406 (0.61 -0.028 0.0))
    (1.4517258629314655 (0.61 -0.028 0.0))
    (1.4527263631815908 (0.61 -0.028 0.0))
    (1.4537268634317158 (0.61 -0.028 0.0))
    (1.4547273636818407 (0.61 -0.028 0.0))
    (1.455727863931966 (0.61 -0.028 0.0))
    (1.456728364182091 (0.61 -0.028 0.0))
    (1.457728864432216 (0.61 -0.028 0.0))
    (1.4587293646823412 (0.61 -0.028 0.0))
    (1.4597298649324661 (0.61 -0.028 0.0))
    (1.4607303651825911 (0.61 -0.028 0.0))
    (1.4617308654327164 (0.61 -0.028 0.0))
    (1.4627313656828413 (0.61 -0.028 0.0))
    (1.4637318659329663 (0.61 -0.028 0.0))
    (1.4647323661830915 (0.61 -0.028 0.0))
    (1.4657328664332165 (0.61 -0.028 0.0))
    (1.4667333666833415 (0.61 -0.028 0.0))
    (1.4677338669334665 (0.61 -0.028 0.0))
    (1.4687343671835917 (0.61 -0.028 0.0))
    (1.4697348674337167 (0.61 -0.028 0.0))
    (1.4707353676838417 (0.61 -0.028 0.0))
    (1.471735867933967 (0.61 -0.028064359918507933 0.0))
    (1.472736368184092 (0.61 -0.028273895749849128 0.0))
    (1.473736868434217 (0.61 -0.02848340151537679 0.0))
    (1.4747373686843421 (0.61 -0.028692854217431178 0.0))
    (1.4757378689344671 (0.61 -0.028902230864177217 0.0))
    (1.4767383691845921 (0.61 -0.02911150847212865 0.0))
    (1.4777388694347173 (0.61 -0.029320664068670812 0.0))
    (1.4787393696848423 (0.61 -0.0295296746945822 0.0))
    (1.4797398699349673 (0.61 -0.02973851740655503 0.0))
    (1.4807403701850925 (0.61 -0.029947169279713616 0.0))
    (1.4817408704352175 (0.61 -0.03015560741013067 0.0))
    (1.4827413706853425 (0.61 -0.030363808917341827 0.0))
    (1.4837418709354677 (0.61 -0.03057175094685709 0.0))
    (1.4847423711855927 (0.61 -0.03077941067266943 0.0))
    (1.4857428714357177 (0.61 -0.03098676529976076 0.0))
    (1.486743371685843 (0.61 -0.031193792066603918 0.0))
    (1.487743871935968 (0.61 -0.03140046824766125 0.0))
    (1.488744372186093 (0.61 -0.0316067711558793 0.0))
    (1.489744872436218 (0.61 -0.03181267814517918 0.0))
    (1.490745372686343 (0.61 -0.03201816661294243 0.0))
    (1.491745872936468 (0.61 -0.03222321400249198 0.0))
    (1.492746373186593 (0.61 -0.032427797805568516 0.0))
    (1.4937468734367183 (0.61 -0.03263189556480109 0.0))
    (1.4947473736868433 (0.61 -0.032835484876172105 0.0))
    (1.4957478739369683 (0.61 -0.03303854339147697 0.0))
    (1.4967483741870935 (0.61 -0.03324104882077711 0.0))
    (1.4977488744372185 (0.61 -0.0334429789348466 0.0))
    (1.4987493746873435 (0.61 -0.03364431156761262 0.0))
    (1.4997498749374687 (0.61 -0.033845024618588446 0.0))
    (1.5007503751875937 (0.61 -0.03404509605529936 0.0))
    (1.5017508754377187 (0.61 -0.034244503915701434 0.0))
    (1.502751375687844 (0.61 -0.03444322631059212 0.0))
    (1.5037518759379689 (0.61 -0.03464124142601309 0.0))
    (1.5047523761880939 (0.61 -0.034838527525644813 0.0))
    (1.505752876438219 (0.61 -0.035035062953192635 0.0))
    (1.506753376688344 (0.61 -0.03523082613476378 0.0))
    (1.507753876938469 (0.61 -0.03542579558123584 0.0))
    (1.5087543771885943 (0.61 -0.03561994989061548 0.0))
    (1.5097548774387193 (0.61 -0.03581326775038769 0.0))
    (1.5107553776888443 (0.61 -0.0360057279398555 0.0))
    (1.5117558779389695 (0.61 -0.036197309332469264 0.0))
    (1.5127563781890945 (0.61 -0.036387990898145636 0.0))
    (1.5137568784392195 (0.61 -0.036577751705576325 0.0))
    (1.5147573786893445 (0.61 -0.03676657092452555 0.0))
    (1.5157578789394697 (0.61 -0.03695442782811666 0.0))
    (1.5167583791895947 (0.61 -0.03714130179510727 0.0))
    (1.5177588794397197 (0.61 -0.03732717231215302 0.0))
    (1.5187593796898449 (0.61 -0.03751201897605928 0.0))
    (1.5197598799399699 (0.61 -0.0376958214960207 0.0))
    (1.5207603801900949 (0.61 -0.03787855969584877 0.0))
    (1.52176088044022 (0.61 -0.0380602135161865 0.0))
    (1.522761380690345 (0.61 -0.038240763016710186 0.0))
    (1.52376188094047 (0.61 -0.038420188378318565 0.0))
    (1.5247623811905953 (0.61 -0.038598469905308255 0.0))
    (1.5257628814407203 (0.61 -0.03877558802753559 0.0))
    (1.5267633816908452 (0.61 -0.0389515233025652 0.0))
    (1.5277638819409705 (0.61 -0.039126256417804 0.0))
    (1.5287643821910955 (0.61 -0.039299768192621105 0.0))
    (1.5297648824412204 (0.61 -0.03947203958045352 0.0))
    (1.5307653826913457 (0.61 -0.03964305167089679 0.0))
    (1.5317658829414706 (0.61 -0.039812785691780664 0.0))
    (1.5327663831915956 (0.61 -0.03998122301123005 0.0))
    (1.5337668834417209 (0.61 -0.040148345139709996 0.0))
    (1.5347673836918458 (0.61 -0.040314133732055384 0.0))
    (1.5357678839419708 (0.61 -0.04047857058948473 0.0))
    (1.5367683841920958 (0.61 -0.04064163766159788 0.0))
    (1.537768884442221 (0.61 -0.04080331704835741 0.0))
    (1.538769384692346 (0.61 -0.04096359100205342 0.0))
    (1.539769884942471 (0.61 -0.041122441929251914 0.0))
    (1.5407703851925962 (0.61 -0.04127985239272598 0.0))
    (1.5417708854427212 (0.61 -0.041435805113369736 0.0))
    (1.5427713856928462 (0.61 -0.04159028297209532 0.0))
    (1.5437718859429714 (0.61 -0.041743269011711964 0.0))
    (1.5447723861930964 (0.61 -0.04189474643878726 0.0))
    (1.5457728864432214 (0.61 -0.042044698625490866 0.0))
    (1.5467733866933466 (0.61 -0.042193109111419574 0.0))
    (1.5477738869434716 (0.61 -0.04233996160540418 0.0))
    (1.5487743871935966 (0.61 -0.04248523998729789 0.0))
    (1.5497748874437218 (0.61 -0.0426289283097458 0.0))
    (1.5507753876938468 (0.61 -0.042771010799935345 0.0))
    (1.5517758879439718 (0.61 -0.04291147186132789 0.0))
    (1.552776388194097 (0.61 -0.04305029607537068 0.0))
    (1.553776888444222 (0.61 -0.043187468203189236 0.0))
    (1.554777388694347 (0.61 -0.04332297318726037 0.0))
    (1.5557778889444722 (0.61 -0.043456796153064955 0.0))
    (1.5567783891945972 (0.61 -0.043588922410720585 0.0))
    (1.5577788894447222 (0.61 -0.04371933745659434 0.0))
    (1.5587793896948474 (0.61 -0.043848026974894774 0.0))
    (1.5597798899449724 (0.61 -0.04397497683924319 0.0))
    (1.5607803901950974 (0.61 -0.04410017311422461 0.0))
    (1.5617808904452224 (0.61 -0.04422360205691729 0.0))
    (1.5627813906953476 (0.61 -0.04434525011840135 0.0))
    (1.5637818909454726 (0.61 -0.044465103945246 0.0))
    (1.5647823911955976 (0.61 -0.044583150380975434 0.0))
    (1.5657828914457228 (0.61 -0.04469937646751303 0.0))
    (1.5667833916958478 (0.61 -0.04481376944660364 0.0))
    (1.5677838919459728 (0.61 -0.044926316761214266 0.0))
    (1.568784392196098 (0.61 -0.04503700605691238 0.0))
    (1.569784892446223 (0.61 -0.04514582518322195 0.0))
    (1.570785392696348 (0.61 -0.04525276219495744 0.0))
    (1.5717858929464732 (0.61 -0.04535780535353494 0.0))
    (1.5727863931965982 (0.61 -0.0454609431282606 0.0))
    (1.5737868934467232 (0.61 -0.04556216419759661 0.0))
    (1.5747873936968484 (0.61 -0.045661457450403814 0.0))
    (1.5757878939469734 (0.61 -0.04575881198716136 0.0))
    (1.5767883941970984 (0.61 -0.045854217121163304 0.0))
    (1.5777888944472236 (0.61 -0.045947662379691584 0.0))
    (1.5787893946973486 (0.61 -0.046039137505165625 0.0))
    (1.5797898949474736 (0.61 -0.04612863245626839 0.0))
    (1.5807903951975988 (0.61 -0.04621613740904858 0.0))
    (1.5817908954477238 (0.61 -0.04630164275799897 0.0))
    (1.5827913956978488 (0.61 -0.046385139117110945 0.0))
    (1.583791895947974 (0.61 -0.04646661732090472 0.0))
    (1.584792396198099 (0.61 -0.046546068425435405 0.0))
    (1.585792896448224 (0.61 -0.046623483709274924 0.0))
    (1.586793396698349 (0.61 -0.04669885467446923 0.0))
    (1.5877938969484742 (0.61 -0.04677217304747128 0.0))
    (1.5887943971985992 (0.61 -0.046843430780049045 0.0))
    (1.5897948974487242 (0.61 -0.046912620050169176 0.0))
    (1.5907953976988494 (0.61 -0.04697973326285552 0.0))
    (1.5917958979489744 (0.61 -0.04704476305102279 0.0))
    (1.5927963981990994 (0.61 -0.04710770227628538 0.0))
    (1.5937968984492246 (0.61 -0.04716854402974087 0.0))
    (1.5947973986993496 (0.61 -0.047227281632728435 0.0))
    (1.5957978989494745 (0.61 -0.047283908637561975 0.0))
    (1.5967983991995998 (0.61 -0.0473384188282379 0.0))
    (1.5977988994497248 (0.61 -0.047390806221117424 0.0))
    (1.5987993996998497 (0.61 -0.04744106506558345 0.0))
    (1.599799899949975 (0.61 -0.04748918984467179 0.0))
    (1.6008004002001 (0.61 -0.047535175275676744 0.0))
    (1.601800900450225 (0.61 -0.04757901631073105 0.0))
    (1.6028014007003502 (0.61 -0.04762070813735994 0.0))
    (1.6038019009504751 (0.61 -0.04766024617900942 0.0))
    (1.6048024012006001 (0.61 -0.04769762609554867 0.0))
    (1.6058029014507254 (0.61 -0.047732843783746454 0.0))
    (1.6068034017008503 (0.61 -0.047765895377721496 0.0))
    (1.6078039019509753 (0.61 -0.0477967772493669 0.0))
    (1.6088044022011003 (0.61 -0.04782548600874838 0.0))
    (1.6098049024512255 (0.61 -0.04785201850447638 0.0))
    (1.6108054027013505 (0.61 -0.047876371824051994 0.0))
    (1.6118059029514755 (0.61 -0.047898543294186705 0.0))
    (1.6128064032016007 (0.61 -0.0479185304810958 0.0))
    (1.6138069034517257 (0.61 -0.047936331190765576 0.0))
    (1.6148074037018507 (0.61 -0.047951943469194104 0.0))
    (1.615807903951976 (0.61 -0.04796536560260581 0.0))
    (1.616808404202101 (0.61 -0.047976596117639506 0.0))
    (1.617808904452226 (0.61 -0.04798563378151021 0.0))
    (1.6188094047023511 (0.61 -0.04799247760214442 0.0))
    (1.6198099049524761 (0.61 -0.04799712682828902 0.0))
    (1.6208104052026011 (0.61 -0.04799958094959375 0.0))
    (1.6218109054527263 (0.61 -0.04799983969666724 0.0))
    (1.6228114057028513 (0.61 -0.04799790304110656 0.0))
    (1.6238119059529763 (0.61 -0.04799377119550033 0.0))
    (1.6248124062031015 (0.61 -0.047987444613405456 0.0))
    (1.6258129064532265 (0.61 -0.04797892398929722 0.0))
    (1.6268134067033515 (0.61 -0.04796821025849318 0.0))
    (1.6278139069534767 (0.61 -0.04795530459705038 0.0))
    (1.6288144072036017 (0.61 -0.04794020842163634 0.0))
    (1.6298149074537267 (0.61 -0.04792292338937351 0.0))
    (1.630815407703852 (0.61 -0.047903451397657365 0.0))
    (1.631815907953977 (0.61 -0.04788179458394812 0.0))
    (1.632816408204102 (0.61 -0.04785795532553615 0.0))
    (1.633816908454227 (0.61 -0.047831936239280934 0.0))
    (1.634817408704352 (0.61 -0.0478037401813239 0.0))
    (1.635817908954477 (0.61 -0.04777337024677486 0.0))
    (1.636818409204602 (0.61 -0.047740829769372245 0.0))
    (1.6378189094547273 (0.61 -0.047706122321117164 0.0))
    (1.6388194097048523 (0.61 -0.04766925171188134 0.0))
    (1.6398199099549773 (0.61 -0.04763022198898885 0.0))
    (1.6408204102051025 (0.61 -0.047589037436771814 0.0))
    (1.6418209104552275 (0.61 -0.04754570257610023 0.0))
    (1.6428214107053525 (0.61 -0.04750022216388558 0.0))
    (1.6438219109554777 (0.61 -0.047452601192558716 0.0))
    (1.6448224112056027 (0.61 -0.04740284488952182 0.0))
    (1.6458229114557277 (0.61 -0.04735095871657462 0.0))
    (1.646823411705853 (0.61 -0.04729694836931479 0.0))
    (1.6478239119559779 (0.61 -0.047240819776512816 0.0))
    (1.6488244122061029 (0.61 -0.047182579099461074 0.0))
    (1.649824912456228 (0.61 -0.04712223273129759 0.0))
    (1.650825412706353 (0.61 -0.04705978729630428 0.0))
    (1.651825912956478 (0.61 -0.04699524964917968 0.0))
    (1.6528264132066033 (0.61 -0.046928626874286596 0.0))
    (1.6538269134567283 (0.61 -0.04685992628487444 0.0))
    (1.6548274137068533 (0.61 -0.04678915542227639 0.0))
    (1.6558279139569785 (0.61 -0.046716322055081604 0.0))
    (1.6568284142071035 (0.61 -0.04664143417828251 0.0))
    (1.6578289144572285 (0.61 -0.04656450001239709 0.0))
    (1.6588294147073535 (0.61 -0.04648552800256654 0.0))
    (1.6598299149574787 (0.61 -0.04640452681762825 0.0))
    (1.6608304152076037 (0.61 -0.046321505349164266 0.0))
    (1.6618309154577287 (0.61 -0.04623647271052511 0.0))
    (1.6628314157078539 (0.61 -0.046149438235829586 0.0))
    (1.6638319159579789 (0.61 -0.04606041147894001 0.0))
    (1.6648324162081038 (0.61 -0.04596940221241353 0.0))
    (1.665832916458229 (0.61 -0.045876420426429365 0.0))
    (1.666833416708354 (0.61 -0.04578147632769228 0.0))
    (1.667833916958479 (0.61 -0.045684580338312006 0.0))
    (1.6688344172086043 (0.61 -0.04558574309465928 0.0))
    (1.6698349174587293 (0.61 -0.04548497544619837 0.0))
    (1.6708354177088542 (0.61 -0.04538228845429594 0.0))
    (1.6718359179589795 (0.61 -0.04527769339100694 0.0))
    (1.6728364182091044 (0.61 -0.04517120173783734 0.0))
    (1.6738369184592294 (0.61 -0.045062825184483596 0.0))
    (1.6748374187093547 (0.61 -0.04495257562754957 0.0))
    (1.6758379189594796 (0.61 -0.044840465169240694 0.0))
    (1.6768384192096046 (0.61 -0.04472650611603533 0.0))
    (1.6778389194597298 (0.61 -0.04461071097733407 0.0))
    (1.6788394197098548 (0.61 -0.044493092464086406 0.0))
    (1.6798399199599798 (0.61 -0.04437366348739552 0.0))
    (1.6808404202101048 (0.61 -0.04425243715710098 0.0))
    (1.68184092046023 (0.61 -0.04412942678033964 0.0))
    (1.682841420710355 (0.61 -0.04400464586008508 0.0))
    (1.68384192096048 (0.61 -0.04387810809366509 0.0))
    (1.6848424212106052 (0.61 -0.04374982737125828 0.0))
    (1.6858429214607302 (0.61 -0.04361981777436934 0.0))
    (1.6868434217108552 (0.61 -0.0434880935742832 0.0))
    (1.6878439219609804 (0.61 -0.04335466923049852 0.0))
    (1.6888444222111054 (0.61 -0.04321955938914057 0.0))
    (1.6898449224612304 (0.61 -0.043082778881353256 0.0))
    (1.6908454227113556 (0.61 -0.042944342721671254 0.0))
    (1.6918459229614806 (0.61 -0.04280426610637189 0.0))
    (1.6928464232116056 (0.61 -0.04266256441180688 0.0))
    (1.6938469234617308 (0.61 -0.04251925319271459 0.0))
    (1.6948474237118558 (0.61 -0.04237434818051252 0.0))
    (1.6958479239619808 (0.61 -0.04222786528157044 0.0))
    (1.696848424212106 (0.61 -0.04207982057546426 0.0))
    (1.697848924462231 (0.61 -0.04193023031321125 0.0))
    (1.698849424712356 (0.61 -0.04177911091548574 0.0))
    (1.6998499249624812 (0.61 -0.041626478970816866 0.0))
    (1.7008504252126062 (0.61 -0.04147235123376765 0.0))
    (1.7018509254627312 (0.61 -0.041316744623095654 0.0))
    (1.7028514257128564 (0.61 -0.041159676219895885 0.0))
    (1.7038519259629814 (0.61 -0.041001163265725955 0.0))
    (1.7048524262131064 (0.61 -0.040841223160713126 0.0))
    (1.7058529264632314 (0.61 -0.04067987346164452 0.0))
    (1.7068534267133566 (0.61 -0.040517131880039775 0.0))
    (1.7078539269634816 (0.61 -0.04035301628020696 0.0))
    (1.7088544272136066 (0.61 -0.0401875446772815 0.0))
    (1.7098549274637318 (0.61 -0.040020735235248586 0.0))
    (1.7108554277138568 (0.61 -0.03985260626494945 0.0))
    (1.7118559279639818 (0.61 -0.0396831762220712 0.0))
    (1.712856428214107 (0.61 -0.03951246370512099 0.0))
    (1.713856928464232 (0.61 -0.03934048745338457 0.0))
    (1.714857428714357 (0.61 -0.039167266344869035 0.0))
    (1.7158579289644822 (0.61 -0.03899281939423063 0.0))
    (1.7168584292146072 (0.61 -0.038817165750687666 0.0))
    (1.7178589294647322 (0.61 -0.03864032469591823 0.0))
    (1.7188594297148574 (0.61 -0.038462315641943724 0.0))
    (1.7198599299649824 (0.61 -0.0382831581289982 0.0))
    (1.7208604302151074 (0.61 -0.03810287182338302 0.0))
    (1.7218609304652326 (0.61 -0.03792147651530827 0.0))
    (1.7228614307153576 (0.61 -0.037738992116720486 0.0))
    (1.7238619309654826 (0.61 -0.03755543865911662 0.0))
    (1.7248624312156078 (0.61 -0.03737083629134542 0.0))
    (1.7258629314657328 (0.61 -0.03718520527739556 0.0))
    (1.7268634317158578 (0.61 -0.03699856599417118 0.0))
    (1.7278639319659828 (0.61 -0.036810938929255195 0.0))
    (1.728864432216108 (0.61 -0.036622344678660254 0.0))
    (1.729864932466233 (0.61 -0.03643280394456814 0.0))
    (1.730865432716358 (0.61 -0.0362423375330569 0.0))
    (1.7318659329664832 (0.61 -0.03605096635181715 0.0))
    (1.7328664332166082 (0.61 -0.03585871140785711 0.0))
    (1.7338669334667332 (0.61 -0.03566559380519642 0.0))
    (1.7348674337168584 (0.61 -0.03547163474254959 0.0))
    (1.7358679339669834 (0.61 -0.03527685551099927 0.0))
    (1.7368684342171083 (0.61 -0.03508127749165867 0.0))
    (1.7378689344672336 (0.61 -0.03488492215332477 0.0))
    (1.7388694347173586 (0.61 -0.03468781105012171 0.0))
    (1.7398699349674835 (0.61 -0.034489965819134716 0.0))
    (1.7408704352176088 (0.61 -0.03429140817803485 0.0))
    (1.7418709354677337 (0.61 -0.0340921599226953 0.0))
    (1.7428714357178587 (0.61 -0.03389224292479855 0.0))
    (1.743871935967984 (0.61 -0.03369167912943564 0.0))
    (1.744872436218109 (0.61 -0.03349049055269738 0.0))
    (1.745872936468234 (0.61 -0.033288699279257296 0.0))
    (1.7468734367183592 (0.61 -0.03308632745994755 0.0))
    (1.7478739369684841 (0.61 -0.03288339730932753 0.0))
    (1.7488744372186091 (0.61 -0.03267993110324511 0.0))
    (1.7498749374687343 (0.61 -0.03247595117639147 0.0))
    (1.7508754377188593 (0.61 -0.032271479919849654 0.0))
    (1.7518759379689843 (0.61 -0.03206653977863626 0.0))
    (1.7528764382191093 (0.61 -0.031861153249237884 0.0))
    (1.7538769384692345 (0.61 -0.03165534287714159 0.0))
    (1.7548774387193595 (0.61 -0.03144913125436014 0.0))
    (1.7558779389694845 (0.61 -0.031242541016951998 0.0))
    (1.7568784392196097 (0.61 -0.031035594842536422 0.0))
    (1.7578789394697347 (0.61 -0.030828315447804386 0.0))
    (1.7588794397198597 (0.61 -0.030620725586024685 0.0))
    (1.759879939969985 (0.61 -0.030412848044546362 0.0))
    (1.76088044022011 (0.61 -0.030204705642297564 0.0))
    (1.761880940470235 (0.61 -0.02999632122728026 0.0))
    (1.7628814407203601 (0.61 -0.02978771767406244 0.0))
    (1.7638819409704851 (0.61 -0.029578917881267222 0.0))
    (1.76488244122061 (0.61 -0.029369944769059037 0.0))
    (1.7658829414707353 (0.61 -0.029160821276627728 0.0))
    (1.7668834417208603 (0.61 -0.02895157035967073 0.0))
    (1.7678839419709853 (0.61 -0.028742214987872803 0.0))
    (1.7688844422211105 (0.61 -0.028532778142384835 0.0))
    (1.7698849424712355 (0.61 -0.028323282813301254 0.0))
    (1.7708854427213605 (0.61 -0.02811375199713628 0.0))
    (1.7718859429714857 (0.61 -0.028 0.0))
    (1.7728864432216107 (0.61 -0.028 0.0))
    (1.7738869434717357 (0.61 -0.028 0.0))
    (1.774887443721861 (0.61 -0.028 0.0))
    (1.775887943971986 (0.61 -0.028 0.0))
    (1.776888444222111 (0.61 -0.028 0.0))
    (1.7778889444722359 (0.61 -0.028 0.0))
    (1.778889444722361 (0.61 -0.028 0.0))
    (1.779889944972486 (0.61 -0.028 0.0))
    (1.780890445222611 (0.61 -0.028 0.0))
    (1.7818909454727363 (0.61 -0.028 0.0))
    (1.7828914457228613 (0.61 -0.028 0.0))
    (1.7838919459729863 (0.61 -0.028 0.0))
    (1.7848924462231115 (0.61 -0.028 0.0))
    (1.7858929464732365 (0.61 -0.028 0.0))
    (1.7868934467233615 (0.61 -0.028 0.0))
    (1.7878939469734867 (0.61 -0.028 0.0))
    (1.7888944472236117 (0.61 -0.028 0.0))
    (1.7898949474737367 (0.61 -0.028 0.0))
    (1.7908954477238619 (0.61 -0.028 0.0))
    (1.7918959479739869 (0.61 -0.028 0.0))
    (1.7928964482241119 (0.61 -0.028 0.0))
    (1.793896948474237 (0.61 -0.028 0.0))
    (1.794897448724362 (0.61 -0.028 0.0))
    (1.795897948974487 (0.61 -0.028 0.0))
    (1.7968984492246123 (0.61 -0.028 0.0))
    (1.7978989494747373 (0.61 -0.028 0.0))
    (1.7988994497248623 (0.61 -0.028 0.0))
    (1.7998999499749873 (0.61 -0.028 0.0))
    (1.8009004502251125 (0.61 -0.028 0.0))
    (1.8019009504752375 (0.61 -0.028 0.0))
    (1.8029014507253625 (0.61 -0.028 0.0))
    (1.8039019509754877 (0.61 -0.028 0.0))
    (1.8049024512256127 (0.61 -0.028 0.0))
    (1.8059029514757377 (0.61 -0.028 0.0))
    (1.8069034517258629 (0.61 -0.028 0.0))
    (1.8079039519759879 (0.61 -0.028 0.0))
    (1.8089044522261128 (0.61 -0.028 0.0))
    (1.809904952476238 (0.61 -0.028 0.0))
    (1.810905452726363 (0.61 -0.028 0.0))
    (1.811905952976488 (0.61 -0.028 0.0))
    (1.8129064532266133 (0.61 -0.028 0.0))
    (1.8139069534767382 (0.61 -0.028 0.0))
    (1.8149074537268632 (0.61 -0.028 0.0))
    (1.8159079539769885 (0.61 -0.028 0.0))
    (1.8169084542271134 (0.61 -0.028 0.0))
    (1.8179089544772384 (0.61 -0.028 0.0))
    (1.8189094547273637 (0.61 -0.028 0.0))
    (1.8199099549774886 (0.61 -0.028 0.0))
    (1.8209104552276136 (0.61 -0.028 0.0))
    (1.8219109554777388 (0.61 -0.028 0.0))
    (1.8229114557278638 (0.61 -0.028 0.0))
    (1.8239119559779888 (0.61 -0.028 0.0))
    (1.8249124562281138 (0.61 -0.028 0.0))
    (1.825912956478239 (0.61 -0.028 0.0))
    (1.826913456728364 (0.61 -0.028 0.0))
    (1.827913956978489 (0.61 -0.028 0.0))
    (1.8289144572286142 (0.61 -0.028 0.0))
    (1.8299149574787392 (0.61 -0.028 0.0))
    (1.8309154577288642 (0.61 -0.028 0.0))
    (1.8319159579789894 (0.61 -0.028 0.0))
    (1.8329164582291144 (0.61 -0.028 0.0))
    (1.8339169584792394 (0.61 -0.028 0.0))
    (1.8349174587293646 (0.61 -0.028 0.0))
    (1.8359179589794896 (0.61 -0.028 0.0))
    (1.8369184592296146 (0.61 -0.028 0.0))
    (1.8379189594797398 (0.61 -0.028 0.0))
    (1.8389194597298648 (0.61 -0.028 0.0))
    (1.8399199599799898 (0.61 -0.028 0.0))
    (1.840920460230115 (0.61 -0.028 0.0))
    (1.84192096048024 (0.61 -0.028 0.0))
    (1.842921460730365 (0.61 -0.028 0.0))
    (1.8439219609804902 (0.61 -0.028 0.0))
    (1.8449224612306152 (0.61 -0.028 0.0))
    (1.8459229614807402 (0.61 -0.028 0.0))
    (1.8469234617308652 (0.61 -0.028 0.0))
    (1.8479239619809904 (0.61 -0.028 0.0))
    (1.8489244622311154 (0.61 -0.028 0.0))
    (1.8499249624812404 (0.61 -0.028 0.0))
    (1.8509254627313656 (0.61 -0.028 0.0))
    (1.8519259629814906 (0.61 -0.028 0.0))
    (1.8529264632316156 (0.61 -0.028 0.0))
    (1.8539269634817408 (0.61 -0.028 0.0))
    (1.8549274637318658 (0.61 -0.028 0.0))
    (1.8559279639819908 (0.61 -0.028 0.0))
    (1.856928464232116 (0.61 -0.028 0.0))
    (1.857928964482241 (0.61 -0.028 0.0))
    (1.858929464732366 (0.61 -0.028 0.0))
    (1.8599299649824912 (0.61 -0.028 0.0))
    (1.8609304652326162 (0.61 -0.028 0.0))
    (1.8619309654827412 (0.61 -0.028 0.0))
    (1.8629314657328664 (0.61 -0.028 0.0))
    (1.8639319659829914 (0.61 -0.028 0.0))
    (1.8649324662331164 (0.61 -0.028 0.0))
    (1.8659329664832416 (0.61 -0.028 0.0))
    (1.8669334667333666 (0.61 -0.028 0.0))
    (1.8679339669834916 (0.61 -0.028 0.0))
    (1.8689344672336168 (0.61 -0.028 0.0))
    (1.8699349674837418 (0.61 -0.028 0.0))
    (1.8709354677338668 (0.61 -0.028 0.0))
    (1.8719359679839918 (0.61 -0.028 0.0))
    (1.872936468234117 (0.61 -0.028 0.0))
    (1.873936968484242 (0.61 -0.028 0.0))
    (1.874937468734367 (0.61 -0.028 0.0))
    (1.8759379689844922 (0.61 -0.028 0.0))
    (1.8769384692346172 (0.61 -0.028 0.0))
    (1.8779389694847421 (0.61 -0.028 0.0))
    (1.8789394697348674 (0.61 -0.028 0.0))
    (1.8799399699849924 (0.61 -0.028 0.0))
    (1.8809404702351173 (0.61 -0.028 0.0))
    (1.8819409704852426 (0.61 -0.028 0.0))
    (1.8829414707353676 (0.61 -0.028 0.0))
    (1.8839419709854925 (0.61 -0.028 0.0))
    (1.8849424712356178 (0.61 -0.028 0.0))
    (1.8859429714857427 (0.61 -0.028 0.0))
    (1.8869434717358677 (0.61 -0.028 0.0))
    (1.887943971985993 (0.61 -0.028 0.0))
    (1.888944472236118 (0.61 -0.028 0.0))
    (1.889944972486243 (0.61 -0.028 0.0))
    (1.8909454727363681 (0.61 -0.028 0.0))
    (1.8919459729864931 (0.61 -0.028 0.0))
    (1.8929464732366181 (0.61 -0.028 0.0))
    (1.8939469734867433 (0.61 -0.028 0.0))
    (1.8949474737368683 (0.61 -0.028 0.0))
    (1.8959479739869933 (0.61 -0.028 0.0))
    (1.8969484742371183 (0.61 -0.028 0.0))
    (1.8979489744872435 (0.61 -0.028 0.0))
    (1.8989494747373685 (0.61 -0.028 0.0))
    (1.8999499749874935 (0.61 -0.028 0.0))
    (1.9009504752376187 (0.61 -0.028 0.0))
    (1.9019509754877437 (0.61 -0.028 0.0))
    (1.9029514757378687 (0.61 -0.028 0.0))
    (1.903951975987994 (0.61 -0.028 0.0))
    (1.904952476238119 (0.61 -0.028 0.0))
    (1.905952976488244 (0.61 -0.028 0.0))
    (1.9069534767383691 (0.61 -0.028 0.0))
    (1.9079539769884941 (0.61 -0.028 0.0))
    (1.908954477238619 (0.61 -0.028 0.0))
    (1.9099549774887443 (0.61 -0.028 0.0))
    (1.9109554777388693 (0.61 -0.028 0.0))
    (1.9119559779889943 (0.61 -0.028 0.0))
    (1.9129564782391195 (0.61 -0.028 0.0))
    (1.9139569784892445 (0.61 -0.028 0.0))
    (1.9149574787393695 (0.61 -0.028 0.0))
    (1.9159579789894947 (0.61 -0.028 0.0))
    (1.9169584792396197 (0.61 -0.028 0.0))
    (1.9179589794897447 (0.61 -0.028 0.0))
    (1.9189594797398697 (0.61 -0.028 0.0))
    (1.919959979989995 (0.61 -0.028 0.0))
    (1.92096048024012 (0.61 -0.028 0.0))
    (1.9219609804902449 (0.61 -0.028 0.0))
    (1.92296148074037 (0.61 -0.028 0.0))
    (1.923961980990495 (0.61 -0.028 0.0))
    (1.92496248124062 (0.61 -0.028 0.0))
    (1.9259629814907453 (0.61 -0.028 0.0))
    (1.9269634817408703 (0.61 -0.028 0.0))
    (1.9279639819909953 (0.61 -0.028 0.0))
    (1.9289644822411205 (0.61 -0.028 0.0))
    (1.9299649824912455 (0.61 -0.028 0.0))
    (1.9309654827413705 (0.61 -0.028 0.0))
    (1.9319659829914957 (0.61 -0.028 0.0))
    (1.9329664832416207 (0.61 -0.028 0.0))
    (1.9339669834917457 (0.61 -0.028 0.0))
    (1.9349674837418709 (0.61 -0.028 0.0))
    (1.9359679839919959 (0.61 -0.028 0.0))
    (1.9369684842421209 (0.61 -0.028 0.0))
    (1.937968984492246 (0.61 -0.028 0.0))
    (1.938969484742371 (0.61 -0.028 0.0))
    (1.939969984992496 (0.61 -0.028 0.0))
    (1.9409704852426213 (0.61 -0.028 0.0))
    (1.9419709854927463 (0.61 -0.028 0.0))
    (1.9429714857428713 (0.61 -0.028 0.0))
    (1.9439719859929963 (0.61 -0.028 0.0))
    (1.9449724862431215 (0.61 -0.028 0.0))
    (1.9459729864932465 (0.61 -0.028 0.0))
    (1.9469734867433715 (0.61 -0.028 0.0))
    (1.9479739869934967 (0.61 -0.028 0.0))
    (1.9489744872436217 (0.61 -0.028 0.0))
    (1.9499749874937466 (0.61 -0.028 0.0))
    (1.9509754877438719 (0.61 -0.028 0.0))
    (1.9519759879939969 (0.61 -0.028 0.0))
    (1.9529764882441218 (0.61 -0.028 0.0))
    (1.953976988494247 (0.61 -0.028 0.0))
    (1.954977488744372 (0.61 -0.028 0.0))
    (1.955977988994497 (0.61 -0.028 0.0))
    (1.9569784892446223 (0.61 -0.028 0.0))
    (1.9579789894947472 (0.61 -0.028 0.0))
    (1.9589794897448722 (0.61 -0.028 0.0))
    (1.9599799899949975 (0.61 -0.028 0.0))
    (1.9609804902451224 (0.61 -0.028 0.0))
    (1.9619809904952474 (0.61 -0.028 0.0))
    (1.9629814907453726 (0.61 -0.028 0.0))
    (1.9639819909954976 (0.61 -0.028 0.0))
    (1.9649824912456226 (0.61 -0.028 0.0))
    (1.9659829914957476 (0.61 -0.028 0.0))
    (1.9669834917458728 (0.61 -0.028 0.0))
    (1.9679839919959978 (0.61 -0.028 0.0))
    (1.9689844922461228 (0.61 -0.028 0.0))
    (1.969984992496248 (0.61 -0.028 0.0))
    (1.970985492746373 (0.61 -0.028 0.0))
    (1.971985992996498 (0.61 -0.028 0.0))
    (1.9729864932466232 (0.61 -0.028 0.0))
    (1.9739869934967482 (0.61 -0.028 0.0))
    (1.9749874937468732 (0.61 -0.028 0.0))
    (1.9759879939969984 (0.61 -0.028 0.0))
    (1.9769884942471234 (0.61 -0.028 0.0))
    (1.9779889944972484 (0.61 -0.028 0.0))
    (1.9789894947473736 (0.61 -0.028 0.0))
    (1.9799899949974986 (0.61 -0.028 0.0))
    (1.9809904952476236 (0.61 -0.028 0.0))
    (1.9819909954977488 (0.61 -0.028 0.0))
    (1.9829914957478738 (0.61 -0.028 0.0))
    (1.9839919959979988 (0.61 -0.028 0.0))
    (1.984992496248124 (0.61 -0.028 0.0))
    (1.985992996498249 (0.61 -0.028 0.0))
    (1.986993496748374 (0.61 -0.028 0.0))
    (1.9879939969984992 (0.61 -0.028 0.0))
    (1.9889944972486242 (0.61 -0.028 0.0))
    (1.9899949974987492 (0.61 -0.028 0.0))
    (1.9909954977488742 (0.61 -0.028 0.0))
    (1.9919959979989994 (0.61 -0.028 0.0))
    (1.9929964982491244 (0.61 -0.028 0.0))
    (1.9939969984992494 (0.61 -0.028 0.0))
    (1.9949974987493746 (0.61 -0.028 0.0))
    (1.9959979989994996 (0.61 -0.028 0.0))
    (1.9969984992496246 (0.61 -0.028 0.0))
    (1.9979989994997498 (0.61 -0.028 0.0))
    (1.9989994997498748 (0.61 -0.028 0.0))
    (2.0 (0.61 -0.028 0.0))
)
