(
    (0.0 (0.25 -0.028 0.0))
    (0.0010005002501250625 (0.25 -0.028 0.0))
    (0.002001000500250125 (0.25 -0.028 0.0))
    (0.003001500750375187 (0.25 -0.028 0.0))
    (0.00400200100050025 (0.25 -0.028 0.0))
    (0.0050025012506253125 (0.25 -0.028 0.0))
    (0.006003001500750374 (0.25 -0.028 0.0))
    (0.007003501750875437 (0.25 -0.028 0.0))
    (0.0080040020010005 (0.25 -0.028 0.0))
    (0.009004502251125562 (0.25 -0.028 0.0))
    (0.010005002501250625 (0.25 -0.028 0.0))
    (0.011005502751375688 (0.25 -0.028 0.0))
    (0.012006003001500749 (0.25 -0.028 0.0))
    (0.013006503251625811 (0.25 -0.028 0.0))
    (0.014007003501750874 (0.25 -0.028 0.0))
    (0.015007503751875937 (0.25 -0.028 0.0))
    (0.016008004002001 (0.25 -0.028 0.0))
    (0.01700850425212606 (0.25 -0.028 0.0))
    (0.018009004502251125 (0.25 -0.028 0.0))
    (0.019009504752376186 (0.25 -0.028 0.0))
    (0.02001000500250125 (0.25 -0.028 0.0))
    (0.02101050525262631 (0.25 -0.028 0.0))
    (0.022011005502751375 (0.25 -0.028 0.0))
    (0.023011505752876436 (0.25 -0.028 0.0))
    (0.024012006003001497 (0.25 -0.028 0.0))
    (0.02501250625312656 (0.25 -0.028 0.0))
    (0.026013006503251623 (0.25 -0.028 0.0))
    (0.027013506753376687 (0.25 -0.028 0.0))
    (0.028014007003501748 (0.25 -0.028 0.0))
    (0.029014507253626812 (0.25 -0.028 0.0))
    (0.030015007503751873 (0.25 -0.028 0.0))
    (0.031015507753876938 (0.25 -0.028 0.0))
    (0.032016008004002 (0.25 -0.028 0.0))
    (0.03301650825412706 (0.25 -0.028 0.0))
    (0.03401700850425212 (0.25 -0.028 0.0))
    (0.03501750875437719 (0.25 -0.028 0.0))
    (0.03601800900450225 (0.25 -0.028 0.0))
    (0.03701850925462731 (0.25 -0.028 0.0))
    (0.03801900950475237 (0.25 -0.028 0.0))
    (0.03901950975487744 (0.25 -0.028 0.0))
    (0.0400200100050025 (0.25 -0.028 0.0))
    (0.04102051025512756 (0.25 -0.028 0.0))
    (0.04202101050525262 (0.25 -0.028 0.0))
    (0.04302151075537768 (0.25 -0.028 0.0))
    (0.04402201100550275 (0.25 -0.028 0.0))
    (0.04502251125562781 (0.25 -0.028 0.0))
    (0.04602301150575287 (0.25 -0.028 0.0))
    (0.047023511755877934 (0.25 -0.028 0.0))
    (0.048024012006002995 (0.25 -0.028 0.0))
    (0.04902451225612806 (0.25 -0.028 0.0))
    (0.05002501250625312 (0.25 -0.028 0.0))
    (0.051025512756378184 (0.25 -0.028 0.0))
    (0.052026013006503245 (0.25 -0.028 0.0))
    (0.05302651325662831 (0.25 -0.028 0.0))
    (0.054027013506753374 (0.25 -0.028 0.0))
    (0.055027513756878435 (0.25 -0.028 0.0))
    (0.056028014007003496 (0.25 -0.028 0.0))
    (0.05702851425712856 (0.25 -0.028 0.0))
    (0.058029014507253625 (0.25 -0.028 0.0))
    (0.059029514757378686 (0.25 -0.028 0.0))
    (0.06003001500750375 (0.25 -0.028 0.0))
    (0.06103051525762881 (0.25 -0.028 0.0))
    (0.062031015507753876 (0.25 -0.028 0.0))
    (0.06303151575787894 (0.25 -0.028 0.0))
    (0.064032016008004 (0.25 -0.028 0.0))
    (0.06503251625812906 (0.25 -0.028 0.0))
    (0.06603301650825412 (0.25 -0.028 0.0))
    (0.06703351675837918 (0.25 -0.028 0.0))
    (0.06803401700850424 (0.25 -0.028 0.0))
    (0.06903451725862932 (0.25 -0.028 0.0))
    (0.07003501750875438 (0.25 -0.028 0.0))
    (0.07103551775887944 (0.25 -0.028 0.0))
    (0.0720360180090045 (0.25 -0.028 0.0))
    (0.07303651825912956 (0.25 -0.028 0.0))
    (0.07403701850925462 (0.25 -0.028 0.0))
    (0.07503751875937968 (0.25 -0.028 0.0))
    (0.07603801900950474 (0.25 -0.028 0.0))
    (0.0770385192596298 (0.25 -0.028 0.0))
    (0.07803901950975488 (0.25 -0.028 0.0))
    (0.07903951975987994 (0.25 -0.028 0.0))
    (0.080040020010005 (0.25 -0.028 0.0))
    (0.08104052026013006 (0.25 -0.028 0.0))
    (0.08204102051025512 (0.25 -0.028 0.0))
    (0.08304152076038018 (0.25 -0.028 0.0))
    (0.08404202101050524 (0.25 -0.028 0.0))
    (0.0850425212606303 (0.25 -0.028 0.0))
    (0.08604302151075537 (0.25 -0.028 0.0))
    (0.08704352176088044 (0.25 -0.028 0.0))
    (0.0880440220110055 (0.25 -0.028 0.0))
    (0.08904452226113056 (0.25 -0.028 0.0))
    (0.09004502251125562 (0.25 -0.028 0.0))
    (0.09104552276138068 (0.25 -0.028 0.0))
    (0.09204602301150575 (0.25 -0.028 0.0))
    (0.0930465232616308 (0.25 -0.028 0.0))
    (0.09404702351175587 (0.25 -0.028 0.0))
    (0.09504752376188093 (0.25 -0.028 0.0))
    (0.09604802401200599 (0.25 -0.028 0.0))
    (0.09704852426213106 (0.25 -0.028 0.0))
    (0.09804902451225612 (0.25 -0.028 0.0))
    (0.09904952476238119 (0.25 -0.028 0.0))
    (0.10005002501250625 (0.25 -0.028 0.0))
    (0.10105052526263131 (0.25 -0.028 0.0))
    (0.10205102551275637 (0.25 -0.028 0.0))
    (0.10305152576288143 (0.25 -0.028 0.0))
    (0.10405202601300649 (0.25 -0.028 0.0))
    (0.10505252626313155 (0.25 -0.028 0.0))
    (0.10605302651325663 (0.25 -0.028 0.0))
    (0.10705352676338169 (0.25 -0.028 0.0))
    (0.10805402701350675 (0.25 -0.028 0.0))
    (0.10905452726363181 (0.25 -0.028 0.0))
    (0.11005502751375687 (0.25 -0.028 0.0))
    (0.11105552776388193 (0.25 -0.028 0.0))
    (0.11205602801400699 (0.25 -0.028 0.0))
    (0.11305652826413205 (0.25 -0.028 0.0))
    (0.11405702851425711 (0.25 -0.028 0.0))
    (0.11505752876438219 (0.25 -0.028 0.0))
    (0.11605802901450725 (0.25 -0.028 0.0))
    (0.11705852926463231 (0.25 -0.028 0.0))
    (0.11805902951475737 (0.25 -0.028 0.0))
    (0.11905952976488243 (0.25 -0.028 0.0))
    (0.1200600300150075 (0.25 -0.028 0.0))
    (0.12106053026513255 (0.25 -0.028 0.0))
    (0.12206103051525762 (0.25 -0.028 0.0))
    (0.12306153076538268 (0.25 -0.028 0.0))
    (0.12406203101550775 (0.25 -0.028 0.0))
    (0.1250625312656328 (0.25 -0.028 0.0))
    (0.12606303151575787 (0.25 -0.028 0.0))
    (0.12706353176588292 (0.25 -0.028 0.0))
    (0.128064032016008 (0.25 -0.028 0.0))
    (0.12906453226613307 (0.25 -0.028 0.0))
    (0.13006503251625812 (0.25 -0.028 0.0))
    (0.1310655327663832 (0.25 -0.028 0.0))
    (0.13206603301650824 (0.25 -0.028 0.0))
    (0.1330665332666333 (0.25 -0.028 0.0))
    (0.13406703351675836 (0.25 -0.028 0.0))
    (0.13506753376688344 (0.25 -0.028 0.0))
    (0.13606803401700848 (0.25 -0.028 0.0))
    (0.13706853426713356 (0.25 -0.028 0.0))
    (0.13806903451725863 (0.25 -0.028 0.0))
    (0.13906953476738368 (0.25 -0.028 0.0))
    (0.14007003501750875 (0.25 -0.028 0.0))
    (0.1410705352676338 (0.25 -0.028 0.0))
    (0.14207103551775888 (0.25 -0.028 0.0))
    (0.14307153576788392 (0.25 -0.028 0.0))
    (0.144072036018009 (0.25 -0.028 0.0))
    (0.14507253626813404 (0.25 -0.028 0.0))
    (0.14607303651825912 (0.25 -0.028 0.0))
    (0.1470735367683842 (0.25 -0.028 0.0))
    (0.14807403701850924 (0.25 -0.028 0.0))
    (0.14907453726863432 (0.25 -0.028 0.0))
    (0.15007503751875936 (0.25 -0.028 0.0))
    (0.15107553776888444 (0.25 -0.028 0.0))
    (0.15207603801900949 (0.25 -0.028 0.0))
    (0.15307653826913456 (0.25 -0.028 0.0))
    (0.1540770385192596 (0.25 -0.028 0.0))
    (0.15507753876938468 (0.25 -0.028 0.0))
    (0.15607803901950976 (0.25 -0.028 0.0))
    (0.1570785392696348 (0.25 -0.028 0.0))
    (0.15807903951975988 (0.25 -0.028 0.0))
    (0.15907953976988493 (0.25 -0.028 0.0))
    (0.16008004002001 (0.25 -0.028 0.0))
    (0.16108054027013505 (0.25 -0.028 0.0))
    (0.16208104052026012 (0.25 -0.028 0.0))
    (0.16308154077038517 (0.25 -0.028 0.0))
    (0.16408204102051024 (0.25 -0.028 0.0))
    (0.16508254127063532 (0.25 -0.028 0.0))
    (0.16608304152076037 (0.25 -0.028 0.0))
    (0.16708354177088544 (0.25 -0.028 0.0))
    (0.1680840420210105 (0.25 -0.028 0.0))
    (0.16908454227113556 (0.25 -0.028 0.0))
    (0.1700850425212606 (0.25 -0.028 0.0))
    (0.17108554277138568 (0.25 -0.028 0.0))
    (0.17208604302151073 (0.25 -0.028 0.0))
    (0.1730865432716358 (0.25 -0.028 0.0))
    (0.17408704352176088 (0.25 -0.028 0.0))
    (0.17508754377188593 (0.25 -0.028 0.0))
    (0.176088044022011 (0.25 -0.028 0.0))
    (0.17708854427213605 (0.25 -0.028 0.0))
    (0.17808904452226113 (0.25 -0.028 0.0))
    (0.17908954477238617 (0.25 -0.028 0.0))
    (0.18009004502251125 (0.25 -0.028 0.0))
    (0.1810905452726363 (0.25 -0.028 0.0))
    (0.18209104552276137 (0.25 -0.028 0.0))
    (0.18309154577288644 (0.25 -0.028 0.0))
    (0.1840920460230115 (0.25 -0.028 0.0))
    (0.18509254627313657 (0.25 -0.028 0.0))
    (0.1860930465232616 (0.25 -0.028 0.0))
    (0.1870935467733867 (0.25 -0.028 0.0))
    (0.18809404702351173 (0.25 -0.028 0.0))
    (0.1890945472736368 (0.25 -0.028 0.0))
    (0.19009504752376186 (0.25 -0.028 0.0))
    (0.19109554777388693 (0.25 -0.028 0.0))
    (0.19209604802401198 (0.25 -0.028 0.0))
    (0.19309654827413705 (0.25 -0.028 0.0))
    (0.19409704852426213 (0.25 -0.028 0.0))
    (0.19509754877438718 (0.25 -0.028 0.0))
    (0.19609804902451225 (0.25 -0.028 0.0))
    (0.1970985492746373 (0.25 -0.028 0.0))
    (0.19809904952476237 (0.25 -0.028 0.0))
    (0.19909954977488742 (0.25 -0.028 0.0))
    (0.2001000500250125 (0.25 -0.028 0.0))
    (0.20110055027513754 (0.25 -0.028 0.0))
    (0.20210105052526262 (0.25 -0.028 0.0))
    (0.2031015507753877 (0.25 -0.028 0.0))
    (0.20410205102551274 (0.25 -0.028 0.0))
    (0.2051025512756378 (0.25 -0.028 0.0))
    (0.20610305152576286 (0.25 -0.028 0.0))
    (0.20710355177588793 (0.25 -0.028 0.0))
    (0.20810405202601298 (0.25 -0.028 0.0))
    (0.20910455227613806 (0.25 -0.028 0.0))
    (0.2101050525262631 (0.25 -0.028 0.0))
    (0.21110555277638818 (0.25 -0.028 0.0))
    (0.21210605302651325 (0.25 -0.028 0.0))
    (0.2131065532766383 (0.25 -0.028 0.0))
    (0.21410705352676337 (0.25 -0.028 0.0))
    (0.21510755377688842 (0.25 -0.028 0.0))
    (0.2161080540270135 (0.25 -0.028 0.0))
    (0.21710855427713854 (0.25 -0.028 0.0))
    (0.21810905452726362 (0.25 -0.028 0.0))
    (0.21910955477738867 (0.25 -0.028 0.0))
    (0.22011005502751374 (0.25 -0.028 0.0))
    (0.22111055527763882 (0.25 -0.028 0.0))
    (0.22211105552776386 (0.25 -0.028 0.0))
    (0.22311155577788894 (0.25 -0.028 0.0))
    (0.22411205602801398 (0.25 -0.028 0.0))
    (0.22511255627813906 (0.25 -0.028 0.0))
    (0.2261130565282641 (0.25 -0.028 0.0))
    (0.22711355677838918 (0.25 -0.028 0.0))
    (0.22811405702851423 (0.25 -0.028 0.0))
    (0.2291145572786393 (0.25 -0.028 0.0))
    (0.23011505752876438 (0.25 -0.028 0.0))
    (0.23111555777888942 (0.25 -0.028 0.0))
    (0.2321160580290145 (0.25 -0.028 0.0))
    (0.23311655827913955 (0.25 -0.028 0.0))
    (0.23411705852926462 (0.25 -0.028 0.0))
    (0.23511755877938967 (0.25 -0.028 0.0))
    (0.23611805902951474 (0.25 -0.028 0.0))
    (0.2371185592796398 (0.25 -0.028 0.0))
    (0.23811905952976486 (0.25 -0.028 0.0))
    (0.23911955977988994 (0.25 -0.028 0.0))
    (0.240120060030015 (0.25 -0.028 0.0))
    (0.24112056028014006 (0.25 -0.028 0.0))
    (0.2421210605302651 (0.25 -0.028 0.0))
    (0.24312156078039018 (0.25 -0.028 0.0))
    (0.24412206103051523 (0.25 -0.028 0.0))
    (0.2451225612806403 (0.25 -0.028 0.0))
    (0.24612306153076535 (0.25 -0.028 0.0))
    (0.24712356178089043 (0.25 -0.028 0.0))
    (0.2481240620310155 (0.25 -0.028 0.0))
    (0.24912456228114055 (0.25 -0.028 0.0))
    (0.2501250625312656 (0.25 -0.028 0.0))
    (0.2511255627813907 (0.25 -0.028 0.0))
    (0.25212606303151575 (0.25 -0.028 0.0))
    (0.2531265632816408 (0.25 -0.028 0.0))
    (0.25412706353176584 (0.25 -0.028 0.0))
    (0.25512756378189094 (0.25 -0.028 0.0))
    (0.256128064032016 (0.25 -0.028 0.0))
    (0.25712856428214104 (0.25 -0.028 0.0))
    (0.25812906453226614 (0.25 -0.028 0.0))
    (0.2591295647823912 (0.25 -0.028 0.0))
    (0.26013006503251623 (0.25 -0.028 0.0))
    (0.2611305652826413 (0.25 -0.028 0.0))
    (0.2621310655327664 (0.25 -0.028 0.0))
    (0.26313156578289143 (0.25 -0.028 0.0))
    (0.2641320660330165 (0.25 -0.028 0.0))
    (0.2651325662831415 (0.25 -0.028 0.0))
    (0.2661330665332666 (0.25 -0.028 0.0))
    (0.2671335667833917 (0.25 -0.028 0.0))
    (0.2681340670335167 (0.25 -0.028 0.0))
    (0.2691345672836418 (0.25 -0.028 0.0))
    (0.27013506753376687 (0.25 -0.028 0.0))
    (0.2711355677838919 (0.25 -0.028 0.0))
    (0.27213606803401696 (0.25 -0.028 0.0))
    (0.27313656828414207 (0.25 -0.028 0.0))
    (0.2741370685342671 (0.25 -0.028 0.0))
    (0.27513756878439216 (0.25 -0.028 0.0))
    (0.27613806903451726 (0.25 -0.028 0.0))
    (0.2771385692846423 (0.25 -0.028 0.0))
    (0.27813906953476736 (0.25 -0.028 0.0))
    (0.2791395697848924 (0.25 -0.028 0.0))
    (0.2801400700350175 (0.25 -0.028 0.0))
    (0.28114057028514255 (0.25 -0.028 0.0))
    (0.2821410705352676 (0.25 -0.028 0.0))
    (0.28314157078539265 (0.25 -0.028 0.0))
    (0.28414207103551775 (0.25 -0.028 0.0))
    (0.2851425712856428 (0.25 -0.028 0.0))
    (0.28614307153576785 (0.25 -0.028 0.0))
    (0.28714357178589295 (0.25 -0.028 0.0))
    (0.288144072036018 (0.25 -0.028 0.0))
    (0.28914457228614304 (0.25 -0.028 0.0))
    (0.2901450725362681 (0.25 -0.028 0.0))
    (0.2911455727863932 (0.25 -0.028 0.0))
    (0.29214607303651824 (0.25 -0.028 0.0))
    (0.2931465732866433 (0.25 -0.028 0.0))
    (0.2941470735367684 (0.25 -0.028 0.0))
    (0.29514757378689344 (0.25 -0.028 0.0))
    (0.2961480740370185 (0.25 -0.028 0.0))
    (0.29714857428714353 (0.25 -0.028 0.0))
    (0.29814907453726863 (0.25 -0.028 0.0))
    (0.2991495747873937 (0.25 -0.028 0.0))
    (0.3001500750375187 (0.25 -0.028 0.0))
    (0.3011505752876438 (0.25 -0.028 0.0))
    (0.3021510755377689 (0.25 -0.028 0.0))
    (0.3031515757878939 (0.25 -0.028 0.0))
    (0.30415207603801897 (0.25 -0.028 0.0))
    (0.3051525762881441 (0.25 -0.028 0.0))
    (0.3061530765382691 (0.25 -0.028 0.0))
    (0.30715357678839417 (0.25 -0.028 0.0))
    (0.3081540770385192 (0.25 -0.028 0.0))
    (0.3091545772886443 (0.25 -0.028 0.0))
    (0.31015507753876936 (0.25 -0.028 0.0))
    (0.3111555777888944 (0.25 -0.028 0.0))
    (0.3121560780390195 (0.25 -0.028 0.0))
    (0.31315657828914456 (0.25 -0.028 0.0))
    (0.3141570785392696 (0.25 -0.028 0.0))
    (0.31515757878939465 (0.25 -0.028 0.0))
    (0.31615807903951976 (0.25 -0.028 0.0))
    (0.3171585792896448 (0.25 -0.028 0.0))
    (0.31815907953976985 (0.25 -0.028 0.0))
    (0.3191595797898949 (0.25 -0.028 0.0))
    (0.32016008004002 (0.25 -0.028 0.0))
    (0.32116058029014505 (0.25 -0.028 0.0))
    (0.3221610805402701 (0.25 -0.028 0.0))
    (0.3231615807903952 (0.25 -0.028 0.0))
    (0.32416208104052024 (0.25 -0.028 0.0))
    (0.3251625812906453 (0.25 -0.028 0.0))
    (0.32616308154077034 (0.25 -0.028 0.0))
    (0.32716358179089544 (0.25 -0.028 0.0))
    (0.3281640820410205 (0.25 -0.028 0.0))
    (0.32916458229114554 (0.25 -0.028 0.0))
    (0.33016508254127064 (0.25 -0.028 0.0))
    (0.3311655827913957 (0.25 -0.028 0.0))
    (0.33216608304152073 (0.25 -0.028 0.0))
    (0.3331665832916458 (0.25 -0.028 0.0))
    (0.3341670835417709 (0.25 -0.028 0.0))
    (0.33516758379189593 (0.25 -0.028 0.0))
    (0.336168084042021 (0.25 -0.028 0.0))
    (0.337168584292146 (0.25 -0.028 0.0))
    (0.3381690845422711 (0.25 -0.028 0.0))
    (0.3391695847923962 (0.25 -0.028 0.0))
    (0.3401700850425212 (0.25 -0.028 0.0))
    (0.3411705852926463 (0.25 -0.028 0.0))
    (0.34217108554277137 (0.25 -0.028 0.0))
    (0.3431715857928964 (0.25 -0.028 0.0))
    (0.34417208604302146 (0.25 -0.028 0.0))
    (0.34517258629314657 (0.25 -0.028 0.0))
    (0.3461730865432716 (0.25 -0.028 0.0))
    (0.34717358679339666 (0.25 -0.028 0.0))
    (0.34817408704352176 (0.25 -0.028 0.0))
    (0.3491745872936468 (0.25 -0.028 0.0))
    (0.35017508754377186 (0.25 -0.028 0.0))
    (0.3511755877938969 (0.25 -0.028 0.0))
    (0.352176088044022 (0.25 -0.028 0.0))
    (0.35317658829414705 (0.25 -0.028 0.0))
    (0.3541770885442721 (0.25 -0.028 0.0))
    (0.35517758879439715 (0.25 -0.028 0.0))
    (0.35617808904452225 (0.25 -0.028 0.0))
    (0.3571785892946473 (0.25 -0.028007483724196088 0.0))
    (0.35817908954477234 (0.25 -0.02821702374749717 0.0))
    (0.35917958979489745 (0.25 -0.028426539947881968 0.0))
    (0.3601800900450225 (0.25 -0.02863600932654522 0.0))
    (0.36118059029514754 (0.25 -0.02884540888982134 0.0))
    (0.3621810905452726 (0.25 -0.02905471565170846 0.0))
    (0.3631815907953977 (0.25 -0.029263906636391616 0.0))
    (0.36418209104552274 (0.25 -0.02947295888076479 0.0))
    (0.3651825912956478 (0.25 -0.029681849436951662 0.0))
    (0.3661830915457729 (0.25 -0.029890555374824594 0.0))
    (0.36718359179589793 (0.25 -0.03009905378452164 0.0))
    (0.368184092046023 (0.25 -0.03030732177896148 0.0))
    (0.36918459229614803 (0.25 -0.030515336496355693 0.0))
    (0.37018509254627313 (0.25 -0.030723075102718343 0.0))
    (0.3711855927963982 (0.25 -0.030930514794372456 0.0))
    (0.3721860930465232 (0.25 -0.031137632800453247 0.0))
    (0.3731865932966483 (0.25 -0.03134440638540769 0.0))
    (0.3741870935467734 (0.25 -0.03155081285149021 0.0))
    (0.3751875937968984 (0.25 -0.031756829541254215 0.0))
    (0.37618809404702347 (0.25 -0.031962433840039293 0.0))
    (0.37718859429714857 (0.25 -0.03216760317845359 0.0))
    (0.3781890945472736 (0.25 -0.03237231503485127 0.0))
    (0.37918959479739867 (0.25 -0.032576546937804804 0.0))
    (0.3801900950475237 (0.25 -0.032780276468571595 0.0))
    (0.3811905952976488 (0.25 -0.032983481263555006 0.0))
    (0.38219109554777386 (0.25 -0.0331861390167591 0.0))
    (0.3831915957978989 (0.25 -0.033388227482237326 0.0))
    (0.38419209604802396 (0.25 -0.03358972447653442 0.0))
    (0.38519259629814906 (0.25 -0.03379060788112149 0.0))
    (0.3861930965482741 (0.25 -0.033990855644824 0.0))
    (0.38719359679839915 (0.25 -0.03419044578624238 0.0))
    (0.38819409704852426 (0.25 -0.03438935639616491 0.0))
    (0.3891945972986493 (0.25 -0.034587565639972735 0.0))
    (0.39019509754877435 (0.25 -0.034785051760036656 0.0))
    (0.3911955977988994 (0.25 -0.03498179307810552 0.0))
    (0.3921960980490245 (0.25 -0.035177767997685835 0.0))
    (0.39319659829914955 (0.25 -0.03537295500641242 0.0))
    (0.3941970985492746 (0.25 -0.035567332678409905 0.0))
    (0.3951975987993997 (0.25 -0.03576087967664461 0.0))
    (0.39619809904952474 (0.25 -0.035953574755266754 0.0))
    (0.3971985992996498 (0.25 -0.036145396761942644 0.0))
    (0.39819909954977484 (0.25 -0.03633632464017656 0.0))
    (0.39919959979989994 (0.25 -0.036526337431622195 0.0))
    (0.400200100050025 (0.25 -0.03671541427838321 0.0))
    (0.40120060030015003 (0.25 -0.03690353442530288 0.0))
    (0.4022011005502751 (0.25 -0.037090677222242394 0.0))
    (0.4032016008004002 (0.25 -0.03727682212634763 0.0))
    (0.40420210105052523 (0.25 -0.03746194870430415 0.0))
    (0.4052026013006503 (0.25 -0.03764603663458025 0.0))
    (0.4062031015507754 (0.25 -0.03782906570965761 0.0))
    (0.4072036018009004 (0.25 -0.03801101583824951 0.0))
    (0.4082041020510255 (0.25 -0.038191867047506274 0.0))
    (0.4092046023011505 (0.25 -0.03837159948520774 0.0))
    (0.4102051025512756 (0.25 -0.03855019342194242 0.0))
    (0.41120560280140067 (0.25 -0.03872762925327321 0.0))
    (0.4122061030515257 (0.25 -0.03890388750188942 0.0))
    (0.4132066033016508 (0.25 -0.039078948819744816 0.0))
    (0.41420710355177587 (0.25 -0.03925279399018145 0.0))
    (0.4152076038019009 (0.25 -0.03942540393003911 0.0))
    (0.41620810405202596 (0.25 -0.0395967596917501 0.0))
    (0.41720860430215106 (0.25 -0.039766842465419124 0.0))
    (0.4182091045522761 (0.25 -0.03993563358088806 0.0))
    (0.41920960480240116 (0.25 -0.04010311450978543 0.0))
    (0.4202101050525262 (0.25 -0.040269266867560265 0.0))
    (0.4212106053026513 (0.25 -0.04043407241550018 0.0))
    (0.42221110555277636 (0.25 -0.040597513062733445 0.0))
    (0.4232116058029014 (0.25 -0.04075957086821492 0.0))
    (0.4242121060530265 (0.25 -0.04092022804269535 0.0))
    (0.42521260630315155 (0.25 -0.04107946695067419 0.0))
    (0.4262131065532766 (0.25 -0.04123727011233542 0.0))
    (0.42721360680340165 (0.25 -0.041393620205466365 0.0))
    (0.42821410705352675 (0.25 -0.04154850006735916 0.0))
    (0.4292146073036518 (0.25 -0.04170189269669469 0.0))
    (0.43021510755377684 (0.25 -0.04185378125540887 0.0))
    (0.43121560780390195 (0.25 -0.042004149070540966 0.0))
    (0.432216108054027 (0.25 -0.042152979636063806 0.0))
    (0.43321660830415204 (0.25 -0.042300256614695664 0.0))
    (0.4342171085542771 (0.25 -0.04244596383969362 0.0))
    (0.4352176088044022 (0.25 -0.042590085316628216 0.0))
    (0.43621810905452724 (0.25 -0.042732605225139116 0.0))
    (0.4372186093046523 (0.25 -0.0428735079206718 0.0))
    (0.43821910955477733 (0.25 -0.043012777936194874 0.0))
    (0.43921960980490243 (0.25 -0.04315039998389784 0.0))
    (0.4402201100550275 (0.25 -0.0432863589568693 0.0))
    (0.4412206103051525 (0.25 -0.04342063993075529 0.0))
    (0.44222111055527763 (0.25 -0.043553228165397466 0.0))
    (0.4432216108054027 (0.25 -0.04368410910645118 0.0))
    (0.4442221110555277 (0.25 -0.04381326838698314 0.0))
    (0.44522261130565277 (0.25 -0.043940691829048494 0.0))
    (0.4462231115557779 (0.25 -0.0440663654452471 0.0))
    (0.4472236118059029 (0.25 -0.04419027544025898 0.0))
    (0.44822411205602797 (0.25 -0.04431240821235864 0.0))
    (0.44922461230615307 (0.25 -0.044432750354908165 0.0))
    (0.4502251125562781 (0.25 -0.044551288657828814 0.0))
    (0.45122561280640316 (0.25 -0.04466801010905117 0.0))
    (0.4522261130565282 (0.25 -0.04478290189594347 0.0))
    (0.4532266133066533 (0.25 -0.04489595140671805 0.0))
    (0.45422711355677836 (0.25 -0.04500714623181576 0.0))
    (0.4552276138069034 (0.25 -0.045116474165268164 0.0))
    (0.45622811405702846 (0.25 -0.04522392320603742 0.0))
    (0.45722861430715356 (0.25 -0.04532948155933364 0.0))
    (0.4582291145572786 (0.25 -0.04543313763790959 0.0))
    (0.45922961480740365 (0.25 -0.045534880063332686 0.0))
    (0.46023011505752875 (0.25 -0.04563469766723398 0.0))
    (0.4612306153076538 (0.25 -0.04573257949253409 0.0))
    (0.46223111555777885 (0.25 -0.04582851479464607 0.0))
    (0.4632316158079039 (0.25 -0.04592249304265476 0.0))
    (0.464232116058029 (0.25 -0.04601450392047282 0.0))
    (0.46523261630815405 (0.25 -0.046104537327973094 0.0))
    (0.4662331165582791 (0.25 -0.04619258338209739 0.0))
    (0.4672336168084042 (0.25 -0.04627863241794128 0.0))
    (0.46823411705852924 (0.25 -0.04636267498981504 0.0))
    (0.4692346173086543 (0.25 -0.04644470187228057 0.0))
    (0.47023511755877934 (0.25 -0.046524704061164 0.0))
    (0.47123561780890444 (0.25 -0.04660267277454412 0.0))
    (0.4722361180590295 (0.25 -0.0466785994537164 0.0))
    (0.47323661830915453 (0.25 -0.04675247576413247 0.0))
    (0.4742371185592796 (0.25 -0.046824293596314986 0.0))
    (0.4752376188094047 (0.25 -0.046894045066747894 0.0))
    (0.47623811905952973 (0.25 -0.046961722518741714 0.0))
    (0.4772386193096548 (0.25 -0.047027318523274075 0.0))
    (0.4782391195597799 (0.25 -0.047090825879805204 0.0))
    (0.4792396198099049 (0.25 -0.04715223761706835 0.0))
    (0.48024012006003 (0.25 -0.04721154699383498 0.0))
    (0.481240620310155 (0.25 -0.04726874749965482 0.0))
    (0.4822411205602801 (0.25 -0.047323832855570486 0.0))
    (0.48324162081040517 (0.25 -0.047376797014806724 0.0))
    (0.4842421210605302 (0.25 -0.04742763416343422 0.0))
    (0.4852426213106553 (0.25 -0.04747633872100773 0.0))
    (0.48624312156078037 (0.25 -0.047522905341178714 0.0))
    (0.4872436218109054 (0.25 -0.04756732891228216 0.0))
    (0.48824412206103046 (0.25 -0.047609604557897735 0.0))
    (0.48924462231115556 (0.25 -0.047649727637385064 0.0))
    (0.4902451225612806 (0.25 -0.04768769374639312 0.0))
    (0.49124562281140566 (0.25 -0.0477234987173437 0.0))
    (0.4922461230615307 (0.25 -0.04775713861988895 0.0))
    (0.4932466233116558 (0.25 -0.04778860976134272 0.0))
    (0.49424712356178085 (0.25 -0.04781790868708599 0.0))
    (0.4952476238119059 (0.25 -0.04784503218094604 0.0))
    (0.496248124062031 (0.25 -0.04786997726554951 0.0))
    (0.49724862431215605 (0.25 -0.047892741202649226 0.0))
    (0.4982491245622811 (0.25 -0.047913321493424796 0.0))
    (0.49924962481240615 (0.25 -0.04793171587875687 0.0))
    (0.5002501250625312 (0.25 -0.04794792233947519 0.0))
    (0.5012506253126563 (0.25 -0.04796193909658014 0.0))
    (0.5022511255627814 (0.25 -0.047973764611438124 0.0))
    (0.5032516258129064 (0.25 -0.047983397585950424 0.0))
    (0.5042521260630315 (0.25 -0.047990836962695675 0.0))
    (0.5052526263131566 (0.25 -0.047996081925045966 0.0))
    (0.5062531265632816 (0.25 -0.04799913189725647 0.0))
    (0.5072536268134067 (0.25 -0.04799998654452867 0.0))
    (0.5082541270635317 (0.25 -0.04799864577304704 0.0))
    (0.5092546273136568 (0.25 -0.04799510972998945 0.0))
    (0.5102551275637819 (0.25 -0.04798937880351092 0.0))
    (0.5112556278139069 (0.25 -0.04798145362270103 0.0))
    (0.512256128064032 (0.25 -0.047971335057514906 0.0))
    (0.5132566283141571 (0.25 -0.047959024218677676 0.0))
    (0.5142571285642821 (0.25 -0.04794452245756259 0.0))
    (0.5152576288144072 (0.25 -0.04792783136604262 0.0))
    (0.5162581290645323 (0.25 -0.047908952776315766 0.0))
    (0.5172586293146573 (0.25 -0.04788788876070392 0.0))
    (0.5182591295647824 (0.25 -0.047864641631425384 0.0))
    (0.5192596298149074 (0.25 -0.04783921394034106 0.0))
    (0.5202601300650325 (0.25 -0.0478116084786743 0.0))
    (0.5212606303151576 (0.25 -0.04778182827670458 0.0))
    (0.5222611305652826 (0.25 -0.047749876603434785 0.0))
    (0.5232616308154077 (0.25 -0.047715756966232405 0.0))
    (0.5242621310655328 (0.25 -0.04767947311044453 0.0))
    (0.5252626313156578 (0.25 -0.04764102901898672 0.0))
    (0.5262631315657829 (0.25 -0.04760042891190577 0.0))
    (0.527263631815908 (0.25 -0.047557677245916516 0.0))
    (0.528264132066033 (0.25 -0.04751277871391258 0.0))
    (0.5292646323161581 (0.25 -0.047465738244451224 0.0))
    (0.530265132566283 (0.25 -0.04741656100121237 0.0))
    (0.5312656328164082 (0.25 -0.04736525238243175 0.0))
    (0.5322661330665333 (0.25 -0.04731181802030836 0.0))
    (0.5332666333166582 (0.25 -0.047256263780386165 0.0))
    (0.5342671335667833 (0.25 -0.04719859576091028 0.0))
    (0.5352676338169085 (0.25 -0.047138820292157546 0.0))
    (0.5362681340670334 (0.25 -0.04707694393574163 0.0))
    (0.5372686343171585 (0.25 -0.04701297348389277 0.0))
    (0.5382691345672836 (0.25 -0.04694691595871216 0.0))
    (0.5392696348174086 (0.25 -0.046878778611401176 0.0))
    (0.5402701350675337 (0.25 -0.04680856892146534 0.0))
    (0.5412706353176588 (0.25 -0.046736294595893346 0.0))
    (0.5422711355677838 (0.25 -0.046661963568311024 0.0))
    (0.5432716358179089 (0.25 -0.04658558399811044 0.0))
    (0.5442721360680339 (0.25 -0.04650716426955431 0.0))
    (0.545272636318159 (0.25 -0.046426712990855545 0.0))
    (0.5462731365682841 (0.25 -0.04634423899323237 0.0))
    (0.5472736368184091 (0.25 -0.04625975132993897 0.0))
    (0.5482741370685342 (0.25 -0.04617325927527156 0.0))
    (0.5492746373186593 (0.25 -0.0460847723235505 0.0))
    (0.5502751375687843 (0.25 -0.04599430018807799 0.0))
    (0.5512756378189094 (0.25 -0.04590185280007185 0.0))
    (0.5522761380690345 (0.25 -0.04580744030757537 0.0))
    (0.5532766383191595 (0.25 -0.04571107307434338 0.0))
    (0.5542771385692846 (0.25 -0.04561276167870451 0.0))
    (0.5552776388194096 (0.25 -0.045512516912400144 0.0))
    (0.5562781390695347 (0.25 -0.045410349779399645 0.0))
    (0.5572786393196598 (0.25 -0.045306271494692574 0.0))
    (0.5582791395697848 (0.25 -0.04520029348305753 0.0))
    (0.5592796398199099 (0.25 -0.045092427377808025 0.0))
    (0.560280140070035 (0.25 -0.04498268501951555 0.0))
    (0.56128064032016 (0.25 -0.04487107845470981 0.0))
    (0.5622811405702851 (0.25 -0.044757619934556285 0.0))
    (0.5632816408204102 (0.25 -0.044642321913511515 0.0))
    (0.5642821410705352 (0.25 -0.0445251970479559 0.0))
    (0.5652826413206603 (0.25 -0.0444062581948044 0.0))
    (0.5662831415707853 (0.25 -0.04428551841009526 0.0))
    (0.5672836418209104 (0.25 -0.04416299094755675 0.0))
    (0.5682841420710355 (0.25 -0.04403868925715238 0.0))
    (0.5692846423211605 (0.25 -0.04391262698360447 0.0))
    (0.5702851425712856 (0.25 -0.043784817964896264 0.0))
    (0.5712856428214107 (0.25 -0.04365527623075306 0.0))
    (0.5722861430715357 (0.25 -0.043524016001102055 0.0))
    (0.5732866433216608 (0.25 -0.043391051684511406 0.0))
    (0.5742871435717859 (0.25 -0.04325639787660866 0.0))
    (0.5752876438219109 (0.25 -0.043120069358478536 0.0))
    (0.576288144072036 (0.25 -0.04298208109504033 0.0))
    (0.5772886443221611 (0.25 -0.04284244823340532 0.0))
    (0.5782891445722861 (0.25 -0.042701186101214 0.0))
    (0.5792896448224112 (0.25 -0.04255831020495346 0.0))
    (0.5802901450725362 (0.25 -0.04241383622825541 0.0))
    (0.5812906453226613 (0.25 -0.042267780030174375 0.0))
    (0.5822911455727864 (0.25 -0.04212015764344697 0.0))
    (0.5832916458229114 (0.25 -0.04197098527273194 0.0))
    (0.5842921460730365 (0.25 -0.04182027929283126 0.0))
    (0.5852926463231616 (0.25 -0.04166805624689282 0.0))
    (0.5862931465732866 (0.25 -0.04151433284459437 0.0))
    (0.5872936468234117 (0.25 -0.041359125960309245 0.0))
    (0.5882941470735368 (0.25 -0.04120245263125415 0.0))
    (0.5892946473236618 (0.25 -0.041044330055618895 0.0))
    (0.5902951475737869 (0.25 -0.040884775590678546 0.0))
    (0.5912956478239119 (0.25 -0.04072380675088813 0.0))
    (0.592296148074037 (0.25 -0.04056144120596 0.0))
    (0.5932966483241621 (0.25 -0.04039769677892427 0.0))
    (0.5942971485742871 (0.25 -0.040232591444172336 0.0))
    (0.5952976488244122 (0.25 -0.04006614332548379 0.0))
    (0.5962981490745373 (0.25 -0.039898370694037004 0.0))
    (0.5972986493246623 (0.25 -0.03972929196640346 0.0))
    (0.5982991495747874 (0.25 -0.03955892570252606 0.0))
    (0.5992996498249125 (0.25 -0.03938729060368197 0.0))
    (0.6003001500750375 (0.25 -0.03921440551042961 0.0))
    (0.6013006503251626 (0.25 -0.039040289400540516 0.0))
    (0.6023011505752875 (0.25 -0.03886496138691623 0.0))
    (0.6033016508254126 (0.25 -0.03868844071549013 0.0))
    (0.6043021510755378 (0.25 -0.038510746763114875 0.0))
    (0.6053026513256627 (0.25 -0.03833189903543541 0.0))
    (0.6063031515757878 (0.25 -0.038151917164747653 0.0))
    (0.607303651825913 (0.25 -0.03797082090784363 0.0))
    (0.6083041520760379 (0.25 -0.03778863014384267 0.0))
    (0.609304652326163 (0.25 -0.037605364872009196 0.0))
    (0.6103051525762881 (0.25 -0.037421045209557496 0.0))
    (0.6113056528264131 (0.25 -0.037235691389443396 0.0))
    (0.6123061530765382 (0.25 -0.037049323758143154 0.0))
    (0.6133066533266633 (0.25 -0.03686196277342022 0.0))
    (0.6143071535767883 (0.25 -0.036673629002079426 0.0))
    (0.6153076538269134 (0.25 -0.03648434311770931 0.0))
    (0.6163081540770384 (0.25 -0.03629412589841292 0.0))
    (0.6173086543271635 (0.25 -0.03610299822452678 0.0))
    (0.6183091545772886 (0.25 -0.03591098107632902 0.0))
    (0.6193096548274136 (0.25 -0.03571809553173626 0.0))
    (0.6203101550775387 (0.25 -0.035524362763989764 0.0))
    (0.6213106553276638 (0.25 -0.03532980403933147 0.0))
    (0.6223111555777888 (0.25 -0.035134440714669396 0.0))
    (0.6233116558279139 (0.25 -0.034938294235233265 0.0))
    (0.624312156078039 (0.25 -0.03474138613222056 0.0))
    (0.625312656328164 (0.25 -0.034543738020432944 0.0))
    (0.6263131565782891 (0.25 -0.03434537159590355 0.0))
    (0.6273136568284141 (0.25 -0.03414630863351548 0.0))
    (0.6283141570785392 (0.25 -0.03394657098461144 0.0))
    (0.6293146573286643 (0.25 -0.033746180574595226 0.0))
    (0.6303151575787893 (0.25 -0.03354515940052485 0.0))
    (0.6313156578289144 (0.25 -0.033343529528697895 0.0))
    (0.6323161580790395 (0.25 -0.033141313092229376 0.0))
    (0.6333166583291645 (0.25 -0.0329385322886221 0.0))
    (0.6343171585792896 (0.25 -0.03273520937732994 0.0))
    (0.6353176588294147 (0.25 -0.03253136667731457 0.0))
    (0.6363181590795397 (0.25 -0.03232702656459539 0.0))
    (0.6373186593296648 (0.25 -0.03212221146979323 0.0))
    (0.6383191595797898 (0.25 -0.03191694387566825 0.0))
    (0.6393196598299149 (0.25 -0.03171124631465187 0.0))
    (0.64032016008004 (0.25 -0.03150514136637345 0.0))
    (0.641320660330165 (0.25 -0.03129865165518168 0.0))
    (0.6423211605802901 (0.25 -0.031091799847660966 0.0))
    (0.6433216608304152 (0.25 -0.030884608650143492 0.0))
    (0.6443221610805402 (0.25 -0.030677100806216613 0.0))
    (0.6453226613306653 (0.25 -0.030469299094226212 0.0))
    (0.6463231615807904 (0.25 -0.03026122632477644 0.0))
    (0.6473236618309154 (0.25 -0.03005290533822569 0.0))
    (0.6483241620810405 (0.25 -0.029844359002179344 0.0))
    (0.6493246623311655 (0.25 -0.029635610208979712 0.0))
    (0.6503251625812906 (0.25 -0.029426681873192924 0.0))
    (0.6513256628314157 (0.25 -0.029217596929093766 0.0))
    (0.6523261630815407 (0.25 -0.029008378328148083 0.0))
    (0.6533266633316658 (0.25 -0.02879904903649327 0.0))
    (0.6543271635817909 (0.25 -0.028589632032417454 0.0))
    (0.6553276638319159 (0.25 -0.028380150303837018 0.0))
    (0.656328164082041 (0.25 -0.028170626845773174 0.0))
    (0.6573286643321661 (0.25 -0.028 0.0))
    (0.6583291645822911 (0.25 -0.028 0.0))
    (0.6593296648324162 (0.25 -0.028 0.0))
    (0.6603301650825413 (0.25 -0.028 0.0))
    (0.6613306653326663 (0.25 -0.028 0.0))
    (0.6623311655827914 (0.25 -0.028 0.0))
    (0.6633316658329164 (0.25 -0.028 0.0))
    (0.6643321660830415 (0.25 -0.028 0.0))
    (0.6653326663331666 (0.25 -0.028 0.0))
    (0.6663331665832916 (0.25 -0.028 0.0))
    (0.6673336668334167 (0.25 -0.028 0.0))
    (0.6683341670835418 (0.25 -0.028 0.0))
    (0.6693346673336668 (0.25 -0.028 0.0))
    (0.6703351675837919 (0.25 -0.028 0.0))
    (0.671335667833917 (0.25 -0.028 0.0))
    (0.672336168084042 (0.25 -0.028 0.0))
    (0.673336668334167 (0.25 -0.028 0.0))
    (0.674337168584292 (0.25 -0.028 0.0))
    (0.6753376688344171 (0.25 -0.028 0.0))
    (0.6763381690845423 (0.25 -0.028 0.0))
    (0.6773386693346672 (0.25 -0.028 0.0))
    (0.6783391695847923 (0.25 -0.028 0.0))
    (0.6793396698349174 (0.25 -0.028 0.0))
    (0.6803401700850424 (0.25 -0.028 0.0))
    (0.6813406703351675 (0.25 -0.028 0.0))
    (0.6823411705852926 (0.25 -0.028 0.0))
    (0.6833416708354176 (0.25 -0.028 0.0))
    (0.6843421710855427 (0.25 -0.028 0.0))
    (0.6853426713356677 (0.25 -0.028 0.0))
    (0.6863431715857928 (0.25 -0.028 0.0))
    (0.6873436718359179 (0.25 -0.028 0.0))
    (0.6883441720860429 (0.25 -0.028 0.0))
    (0.689344672336168 (0.25 -0.028 0.0))
    (0.6903451725862931 (0.25 -0.028 0.0))
    (0.6913456728364181 (0.25 -0.028 0.0))
    (0.6923461730865432 (0.25 -0.028 0.0))
    (0.6933466733366683 (0.25 -0.028 0.0))
    (0.6943471735867933 (0.25 -0.028 0.0))
    (0.6953476738369184 (0.25 -0.028 0.0))
    (0.6963481740870435 (0.25 -0.028 0.0))
    (0.6973486743371685 (0.25 -0.028 0.0))
    (0.6983491745872936 (0.25 -0.028 0.0))
    (0.6993496748374186 (0.25 -0.028 0.0))
    (0.7003501750875437 (0.25 -0.028 0.0))
    (0.7013506753376688 (0.25 -0.028 0.0))
    (0.7023511755877938 (0.25 -0.028 0.0))
    (0.7033516758379189 (0.25 -0.028 0.0))
    (0.704352176088044 (0.25 -0.028 0.0))
    (0.705352676338169 (0.25 -0.028 0.0))
    (0.7063531765882941 (0.25 -0.028 0.0))
    (0.7073536768384192 (0.25 -0.028 0.0))
    (0.7083541770885442 (0.25 -0.028 0.0))
    (0.7093546773386693 (0.25 -0.028 0.0))
    (0.7103551775887943 (0.25 -0.028 0.0))
    (0.7113556778389194 (0.25 -0.028 0.0))
    (0.7123561780890445 (0.25 -0.028 0.0))
    (0.7133566783391695 (0.25 -0.028 0.0))
    (0.7143571785892946 (0.25 -0.028 0.0))
    (0.7153576788394197 (0.25 -0.028 0.0))
    (0.7163581790895447 (0.25 -0.028 0.0))
    (0.7173586793396698 (0.25 -0.028 0.0))
    (0.7183591795897949 (0.25 -0.028 0.0))
    (0.7193596798399199 (0.25 -0.028 0.0))
    (0.720360180090045 (0.25 -0.028 0.0))
    (0.72136068034017 (0.25 -0.028 0.0))
    (0.7223611805902951 (0.25 -0.028 0.0))
    (0.7233616808404202 (0.25 -0.028 0.0))
    (0.7243621810905452 (0.25 -0.028 0.0))
    (0.7253626813406703 (0.25 -0.028 0.0))
    (0.7263631815907954 (0.25 -0.028 0.0))
    (0.7273636818409204 (0.25 -0.028 0.0))
    (0.7283641820910455 (0.25 -0.028 0.0))
    (0.7293646823411706 (0.25 -0.028 0.0))
    (0.7303651825912956 (0.25 -0.028 0.0))
    (0.7313656828414207 (0.25 -0.028 0.0))
    (0.7323661830915458 (0.25 -0.028 0.0))
    (0.7333666833416708 (0.25 -0.028 0.0))
    (0.7343671835917959 (0.25 -0.028 0.0))
    (0.7353676838419209 (0.25 -0.028 0.0))
    (0.736368184092046 (0.25 -0.028 0.0))
    (0.7373686843421711 (0.25 -0.028 0.0))
    (0.7383691845922961 (0.25 -0.028 0.0))
    (0.7393696848424212 (0.25 -0.028 0.0))
    (0.7403701850925463 (0.25 -0.028 0.0))
    (0.7413706853426713 (0.25 -0.028 0.0))
    (0.7423711855927964 (0.25 -0.028 0.0))
    (0.7433716858429215 (0.25 -0.028 0.0))
    (0.7443721860930465 (0.25 -0.028 0.0))
    (0.7453726863431716 (0.25 -0.028 0.0))
    (0.7463731865932965 (0.25 -0.028 0.0))
    (0.7473736868434216 (0.25 -0.028 0.0))
    (0.7483741870935467 (0.25 -0.028 0.0))
    (0.7493746873436717 (0.25 -0.028 0.0))
    (0.7503751875937968 (0.25 -0.028 0.0))
    (0.751375687843922 (0.25 -0.028 0.0))
    (0.7523761880940469 (0.25 -0.028 0.0))
    (0.753376688344172 (0.25 -0.028 0.0))
    (0.7543771885942971 (0.25 -0.028 0.0))
    (0.7553776888444221 (0.25 -0.028 0.0))
    (0.7563781890945472 (0.25 -0.028 0.0))
    (0.7573786893446722 (0.25 -0.028 0.0))
    (0.7583791895947973 (0.25 -0.028 0.0))
    (0.7593796898449224 (0.25 -0.028 0.0))
    (0.7603801900950474 (0.25 -0.028 0.0))
    (0.7613806903451725 (0.25 -0.028 0.0))
    (0.7623811905952976 (0.25 -0.028 0.0))
    (0.7633816908454226 (0.25 -0.028 0.0))
    (0.7643821910955477 (0.25 -0.028 0.0))
    (0.7653826913456728 (0.25 -0.028 0.0))
    (0.7663831915957978 (0.25 -0.028 0.0))
    (0.7673836918459229 (0.25 -0.028 0.0))
    (0.7683841920960479 (0.25 -0.028 0.0))
    (0.769384692346173 (0.25 -0.028 0.0))
    (0.7703851925962981 (0.25 -0.028 0.0))
    (0.7713856928464231 (0.25 -0.028 0.0))
    (0.7723861930965482 (0.25 -0.028 0.0))
    (0.7733866933466733 (0.25 -0.028 0.0))
    (0.7743871935967983 (0.25 -0.028 0.0))
    (0.7753876938469234 (0.25 -0.028 0.0))
    (0.7763881940970485 (0.25 -0.028 0.0))
    (0.7773886943471735 (0.25 -0.028 0.0))
    (0.7783891945972986 (0.25 -0.028 0.0))
    (0.7793896948474237 (0.25 -0.028 0.0))
    (0.7803901950975487 (0.25 -0.028 0.0))
    (0.7813906953476738 (0.25 -0.028 0.0))
    (0.7823911955977988 (0.25 -0.028 0.0))
    (0.7833916958479239 (0.25 -0.028 0.0))
    (0.784392196098049 (0.25 -0.028 0.0))
    (0.785392696348174 (0.25 -0.028 0.0))
    (0.7863931965982991 (0.25 -0.028 0.0))
    (0.7873936968484242 (0.25 -0.028 0.0))
    (0.7883941970985492 (0.25 -0.028 0.0))
    (0.7893946973486743 (0.25 -0.028 0.0))
    (0.7903951975987994 (0.25 -0.028 0.0))
    (0.7913956978489244 (0.25 -0.028 0.0))
    (0.7923961980990495 (0.25 -0.028 0.0))
    (0.7933966983491745 (0.25 -0.028 0.0))
    (0.7943971985992996 (0.25 -0.028 0.0))
    (0.7953976988494247 (0.25 -0.028 0.0))
    (0.7963981990995497 (0.25 -0.028 0.0))
    (0.7973986993496748 (0.25 -0.028 0.0))
    (0.7983991995997999 (0.25 -0.028 0.0))
    (0.7993996998499249 (0.25 -0.028 0.0))
    (0.80040020010005 (0.25 -0.028 0.0))
    (0.8014007003501751 (0.25 -0.028 0.0))
    (0.8024012006003001 (0.25 -0.028 0.0))
    (0.8034017008504252 (0.25 -0.028 0.0))
    (0.8044022011005502 (0.25 -0.028 0.0))
    (0.8054027013506753 (0.25 -0.028 0.0))
    (0.8064032016008004 (0.25 -0.028 0.0))
    (0.8074037018509254 (0.25 -0.028 0.0))
    (0.8084042021010505 (0.25 -0.028 0.0))
    (0.8094047023511756 (0.25 -0.028 0.0))
    (0.8104052026013006 (0.25 -0.028 0.0))
    (0.8114057028514257 (0.25 -0.028 0.0))
    (0.8124062031015508 (0.25 -0.028 0.0))
    (0.8134067033516758 (0.25 -0.028 0.0))
    (0.8144072036018009 (0.25 -0.028 0.0))
    (0.815407703851926 (0.25 -0.028 0.0))
    (0.816408204102051 (0.25 -0.028 0.0))
    (0.817408704352176 (0.25 -0.028 0.0))
    (0.818409204602301 (0.25 -0.028 0.0))
    (0.8194097048524261 (0.25 -0.028 0.0))
    (0.8204102051025512 (0.25 -0.028 0.0))
    (0.8214107053526762 (0.25 -0.028 0.0))
    (0.8224112056028013 (0.25 -0.028 0.0))
    (0.8234117058529264 (0.25 -0.028 0.0))
    (0.8244122061030514 (0.25 -0.028 0.0))
    (0.8254127063531765 (0.25 -0.028 0.0))
    (0.8264132066033016 (0.25 -0.028 0.0))
    (0.8274137068534266 (0.25 -0.028 0.0))
    (0.8284142071035517 (0.25 -0.028 0.0))
    (0.8294147073536767 (0.25 -0.028 0.0))
    (0.8304152076038018 (0.25 -0.028 0.0))
    (0.8314157078539269 (0.25 -0.028 0.0))
    (0.8324162081040519 (0.25 -0.028 0.0))
    (0.833416708354177 (0.25 -0.028 0.0))
    (0.8344172086043021 (0.25 -0.028 0.0))
    (0.8354177088544271 (0.25 -0.028 0.0))
    (0.8364182091045522 (0.25 -0.028 0.0))
    (0.8374187093546773 (0.25 -0.028 0.0))
    (0.8384192096048023 (0.25 -0.028 0.0))
    (0.8394197098549274 (0.25 -0.028 0.0))
    (0.8404202101050524 (0.25 -0.028 0.0))
    (0.8414207103551775 (0.25 -0.028 0.0))
    (0.8424212106053026 (0.25 -0.028 0.0))
    (0.8434217108554276 (0.25 -0.028 0.0))
    (0.8444222111055527 (0.25 -0.028 0.0))
    (0.8454227113556778 (0.25 -0.028 0.0))
    (0.8464232116058028 (0.25 -0.028 0.0))
    (0.8474237118559279 (0.25 -0.028 0.0))
    (0.848424212106053 (0.25 -0.028 0.0))
    (0.849424712356178 (0.25 -0.028 0.0))
    (0.8504252126063031 (0.25 -0.028 0.0))
    (0.8514257128564282 (0.25 -0.028 0.0))
    (0.8524262131065532 (0.25 -0.028 0.0))
    (0.8534267133566783 (0.25 -0.028 0.0))
    (0.8544272136068033 (0.25 -0.028 0.0))
    (0.8554277138569284 (0.25 -0.028 0.0))
    (0.8564282141070535 (0.25 -0.028 0.0))
    (0.8574287143571785 (0.25 -0.028 0.0))
    (0.8584292146073036 (0.25 -0.028 0.0))
    (0.8594297148574287 (0.25 -0.028 0.0))
    (0.8604302151075537 (0.25 -0.028 0.0))
    (0.8614307153576788 (0.25 -0.028 0.0))
    (0.8624312156078039 (0.25 -0.028 0.0))
    (0.8634317158579289 (0.25 -0.028 0.0))
    (0.864432216108054 (0.25 -0.028 0.0))
    (0.865432716358179 (0.25 -0.028 0.0))
    (0.8664332166083041 (0.25 -0.028 0.0))
    (0.8674337168584292 (0.25 -0.028 0.0))
    (0.8684342171085542 (0.25 -0.028 0.0))
    (0.8694347173586793 (0.25 -0.028 0.0))
    (0.8704352176088044 (0.25 -0.028 0.0))
    (0.8714357178589294 (0.25 -0.028 0.0))
    (0.8724362181090545 (0.25 -0.028 0.0))
    (0.8734367183591796 (0.25 -0.028 0.0))
    (0.8744372186093046 (0.25 -0.028 0.0))
    (0.8754377188594297 (0.25 -0.028 0.0))
    (0.8764382191095547 (0.25 -0.028 0.0))
    (0.8774387193596798 (0.25 -0.028 0.0))
    (0.8784392196098049 (0.25 -0.028 0.0))
    (0.8794397198599299 (0.25 -0.028 0.0))
    (0.880440220110055 (0.25 -0.028 0.0))
    (0.8814407203601801 (0.25 -0.028 0.0))
    (0.882441220610305 (0.25 -0.028 0.0))
    (0.8834417208604302 (0.25 -0.028 0.0))
    (0.8844422211105553 (0.25 -0.028 0.0))
    (0.8854427213606803 (0.25 -0.028 0.0))
    (0.8864432216108054 (0.25 -0.028 0.0))
    (0.8874437218609305 (0.25 -0.028 0.0))
    (0.8884442221110554 (0.25 -0.028 0.0))
    (0.8894447223611806 (0.25 -0.028 0.0))
    (0.8904452226113055 (0.25 -0.028 0.0))
    (0.8914457228614306 (0.25 -0.028 0.0))
    (0.8924462231115557 (0.25 -0.028 0.0))
    (0.8934467233616807 (0.25 -0.028 0.0))
    (0.8944472236118058 (0.25 -0.028 0.0))
    (0.8954477238619309 (0.25 -0.028 0.0))
    (0.8964482241120559 (0.25 -0.028 0.0))
    (0.897448724362181 (0.25 -0.028 0.0))
    (0.8984492246123061 (0.25 -0.028 0.0))
    (0.8994497248624311 (0.25 -0.028 0.0))
    (0.9004502251125562 (0.25 -0.028 0.0))
    (0.9014507253626812 (0.25 -0.028 0.0))
    (0.9024512256128063 (0.25 -0.028 0.0))
    (0.9034517258629314 (0.25 -0.028 0.0))
    (0.9044522261130564 (0.25 -0.028 0.0))
    (0.9054527263631815 (0.25 -0.028 0.0))
    (0.9064532266133066 (0.25 -0.028 0.0))
    (0.9074537268634316 (0.25 -0.028 0.0))
    (0.9084542271135567 (0.25 -0.028 0.0))
    (0.9094547273636818 (0.25 -0.028 0.0))
    (0.9104552276138068 (0.25 -0.028 0.0))
    (0.9114557278639319 (0.25 -0.028 0.0))
    (0.9124562281140569 (0.25 -0.028 0.0))
    (0.913456728364182 (0.25 -0.028 0.0))
    (0.9144572286143071 (0.25 -0.028 0.0))
    (0.9154577288644321 (0.25 -0.028 0.0))
    (0.9164582291145572 (0.25 -0.028 0.0))
    (0.9174587293646823 (0.25 -0.028 0.0))
    (0.9184592296148073 (0.25 -0.028 0.0))
    (0.9194597298649324 (0.25 -0.028 0.0))
    (0.9204602301150575 (0.25 -0.028 0.0))
    (0.9214607303651825 (0.25 -0.028 0.0))
    (0.9224612306153076 (0.25 -0.028 0.0))
    (0.9234617308654326 (0.25 -0.028 0.0))
    (0.9244622311155577 (0.25 -0.028 0.0))
    (0.9254627313656828 (0.25 -0.028 0.0))
    (0.9264632316158078 (0.25 -0.028 0.0))
    (0.9274637318659329 (0.25 -0.028 0.0))
    (0.928464232116058 (0.25 -0.028 0.0))
    (0.929464732366183 (0.25 -0.028 0.0))
    (0.9304652326163081 (0.25 -0.028 0.0))
    (0.9314657328664332 (0.25 -0.028 0.0))
    (0.9324662331165582 (0.25 -0.028 0.0))
    (0.9334667333666833 (0.25 -0.028 0.0))
    (0.9344672336168084 (0.25 -0.028 0.0))
    (0.9354677338669334 (0.25 -0.028 0.0))
    (0.9364682341170585 (0.25 -0.028 0.0))
    (0.9374687343671835 (0.25 -0.028 0.0))
    (0.9384692346173086 (0.25 -0.028 0.0))
    (0.9394697348674337 (0.25 -0.028 0.0))
    (0.9404702351175587 (0.25 -0.028 0.0))
    (0.9414707353676838 (0.25 -0.028 0.0))
    (0.9424712356178089 (0.25 -0.028 0.0))
    (0.9434717358679339 (0.25 -0.028 0.0))
    (0.944472236118059 (0.25 -0.028 0.0))
    (0.9454727363681841 (0.25 -0.028 0.0))
    (0.9464732366183091 (0.25 -0.028 0.0))
    (0.9474737368684342 (0.25 -0.028 0.0))
    (0.9484742371185592 (0.25 -0.028 0.0))
    (0.9494747373686843 (0.25 -0.028 0.0))
    (0.9504752376188094 (0.25 -0.028 0.0))
    (0.9514757378689344 (0.25 -0.028 0.0))
    (0.9524762381190595 (0.25 -0.028 0.0))
    (0.9534767383691846 (0.25 -0.028 0.0))
    (0.9544772386193096 (0.25 -0.028 0.0))
    (0.9554777388694347 (0.25 -0.028 0.0))
    (0.9564782391195598 (0.25 -0.028 0.0))
    (0.9574787393696848 (0.25 -0.02807034686403231 0.0))
    (0.9584792396198099 (0.25 -0.028279882155537478 0.0))
    (0.9594797398699348 (0.25 -0.028489386724095303 0.0))
    (0.96048024012006 (0.25 -0.028698837572177442 0.0))
    (0.961480740370185 (0.25 -0.028908211708152325 0.0))
    (0.96248124062031 (0.25 -0.029117486148809314 0.0))
    (0.9634817408704351 (0.25 -0.029326637921881414 0.0))
    (0.9644822411205602 (0.25 -0.029535644068566826 0.0))
    (0.9654827413706852 (0.25 -0.029744481646049467 0.0))
    (0.9664832416208103 (0.25 -0.029953127730017255 0.0))
    (0.9674837418709354 (0.25 -0.030161559417178397 0.0))
    (0.9684842421210604 (0.25 -0.03036975382777581 0.0))
    (0.9694847423711855 (0.25 -0.030577688108098494 0.0))
    (0.9704852426213106 (0.25 -0.03078533943299006 0.0))
    (0.9714857428714356 (0.25 -0.03099268500835458 0.0))
    (0.9724862431215607 (0.25 -0.03119970207365856 0.0))
    (0.9734867433716857 (0.25 -0.03140636790442923 0.0))
    (0.9744872436218108 (0.25 -0.031612659814749366 0.0))
    (0.9754877438719359 (0.25 -0.031818555159747304 0.0))
    (0.9764882441220609 (0.25 -0.0320240313380827 0.0))
    (0.977488744372186 (0.25 -0.032229065794427636 0.0))
    (0.9784892446223111 (0.25 -0.032433636021942484 0.0))
    (0.9794897448724361 (0.25 -0.03263771956474634 0.0))
    (0.9804902451225612 (0.25 -0.03284129402038234 0.0))
    (0.9814907453726863 (0.25 -0.0330443370422766 0.0))
    (0.9824912456228113 (0.25 -0.033246826342191116 0.0))
    (0.9834917458729364 (0.25 -0.03344873969267067 0.0))
    (0.9844922461230614 (0.25 -0.03365005492948253 0.0))
    (0.9854927463731865 (0.25 -0.03385074995404957 0.0))
    (0.9864932466233116 (0.25 -0.03405080273587582 0.0))
    (0.9874937468734366 (0.25 -0.03425019131496514 0.0))
    (0.9884942471235617 (0.25 -0.034448893804231495 0.0))
    (0.9894947473736868 (0.25 -0.03464688839190162 0.0))
    (0.9904952476238118 (0.25 -0.03484415334390935 0.0))
    (0.9914957478739369 (0.25 -0.03504066700628142 0.0))
    (0.992496248124062 (0.25 -0.03523640780751423 0.0))
    (0.993496748374187 (0.25 -0.035431354260942086 0.0))
    (0.9944972486243121 (0.25 -0.03562548496709564 0.0))
    (0.9954977488744371 (0.25 -0.03581877861605081 0.0))
    (0.9964982491245622 (0.25 -0.03601121398976828 0.0))
    (0.9974987493746873 (0.25 -0.03620276996442247 0.0))
    (0.9984992496248123 (0.25 -0.036393425512720165 0.0))
    (0.9994997498749374 (0.25 -0.03658315970620903 0.0))
    (1.0005002501250624 (0.25 -0.036771951717574726 0.0))
    (1.0015007503751876 (0.25 -0.03695978082292724 0.0))
    (1.0025012506253126 (0.25 -0.03714662640407557 0.0))
    (1.0035017508754376 (0.25 -0.037332467950791356 0.0))
    (1.0045022511255628 (0.25 -0.03751728506306001 0.0))
    (1.0055027513756878 (0.25 -0.03770105745332016 0.0))
    (1.0065032516258128 (0.25 -0.03788376494869061 0.0))
    (1.007503751875938 (0.25 -0.03806538749318486 0.0))
    (1.008504252126063 (0.25 -0.03824590514991237 0.0))
    (1.009504752376188 (0.25 -0.03842529810326742 0.0))
    (1.0105052526263132 (0.25 -0.03860354666110409 0.0))
    (1.0115057528764382 (0.25 -0.0387806312568978 0.0))
    (1.0125062531265632 (0.25 -0.03895653245189338 0.0))
    (1.0135067533766882 (0.25 -0.039131230937238734 0.0))
    (1.0145072536268134 (0.25 -0.03930470753610444 0.0))
    (1.0155077538769384 (0.25 -0.039476943205788685 0.0))
    (1.0165082541270634 (0.25 -0.03964791903980784 0.0))
    (1.0175087543771886 (0.25 -0.039817616269971656 0.0))
    (1.0185092546273136 (0.25 -0.03998601626844349 0.0))
    (1.0195097548774386 (0.25 -0.040153100549785166 0.0))
    (1.0205102551275638 (0.25 -0.04031885077298617 0.0))
    (1.0215107553776888 (0.25 -0.04048324874347675 0.0))
    (1.0225112556278138 (0.25 -0.040646276415125436 0.0))
    (1.023511755877939 (0.25 -0.04080791589221984 0.0))
    (1.024512256128064 (0.25 -0.04096814943143097 0.0))
    (1.025512756378189 (0.25 -0.041126959443761185 0.0))
    (1.0265132566283142 (0.25 -0.04128432849647484 0.0))
    (1.0275137568784392 (0.25 -0.04144023931501174 0.0))
    (1.0285142571285641 (0.25 -0.04159467478488368 0.0))
    (1.0295147573786894 (0.25 -0.04174761795355293 0.0))
    (1.0305152576288144 (0.25 -0.041899052032293105 0.0))
    (1.0315157578789393 (0.25 -0.042048960398032215 0.0))
    (1.0325162581290646 (0.25 -0.04219732659517737 0.0))
    (1.0335167583791895 (0.25 -0.042344134337420944 0.0))
    (1.0345172586293145 (0.25 -0.04248936750952862 0.0))
    (1.0355177588794398 (0.25 -0.0426330101691082 0.0))
    (1.0365182591295647 (0.25 -0.04277504654835959 0.0))
    (1.0375187593796897 (0.25 -0.04291546105580579 0.0))
    (1.0385192596298147 (0.25 -0.04305423827800428 0.0))
    (1.03951975987994 (0.25 -0.043191362981239045 0.0))
    (1.040520260130065 (0.25 -0.043326820113192624 0.0))
    (1.04152076038019 (0.25 -0.043460594804598664 0.0))
    (1.0425212606303151 (0.25 -0.043592672370874004 0.0))
    (1.0435217608804401 (0.25 -0.04372303831373052 0.0))
    (1.0445222611305651 (0.25 -0.04385167832276683 0.0))
    (1.0455227613806903 (0.25 -0.04397857827703905 0.0))
    (1.0465232616308153 (0.25 -0.04410372424661076 0.0))
    (1.0475237618809403 (0.25 -0.04422710249408236 0.0))
    (1.0485242621310655 (0.25 -0.04434869947609879 0.0))
    (1.0495247623811905 (0.25 -0.04446850184483634 0.0))
    (1.0505252626313155 (0.25 -0.04458649644946779 0.0))
    (1.0515257628814407 (0.25 -0.04470267033760608 0.0))
    (1.0525262631315657 (0.25 -0.04481701075672594 0.0))
    (1.0535267633816907 (0.25 -0.04492950515556393 0.0))
    (1.054527263631816 (0.25 -0.04504014118549612 0.0))
    (1.055527763881941 (0.25 -0.04514890670189353 0.0))
    (1.056528264132066 (0.25 -0.045255789765455454 0.0))
    (1.0575287643821911 (0.25 -0.045360778643519895 0.0))
    (1.0585292646323161 (0.25 -0.04546386181135145 0.0))
    (1.059529764882441 (0.25 -0.04556502795340656 0.0))
    (1.060530265132566 (0.25 -0.04566426596457547 0.0))
    (1.0615307653826913 (0.25 -0.04576156495140133 0.0))
    (1.0625312656328163 (0.25 -0.04585691423327589 0.0))
    (1.0635317658829413 (0.25 -0.04595030334361205 0.0))
    (1.0645322661330665 (0.25 -0.04604172203099272 0.0))
    (1.0655327663831915 (0.25 -0.04613116026029609 0.0))
    (1.0665332666333165 (0.25 -0.04621860821379725 0.0))
    (1.0675337668834417 (0.25 -0.04630405629224592 0.0))
    (1.0685342671335667 (0.25 -0.04638749511592006 0.0))
    (1.0695347673836917 (0.25 -0.0464689155256556 0.0))
    (1.070535267633817 (0.25 -0.046548308583851845 0.0))
    (1.071535767883942 (0.25 -0.04662566557545243 0.0))
    (1.0725362681340669 (0.25 -0.04670097800890216 0.0))
    (1.073536768384192 (0.25 -0.04677423761707905 0.0))
    (1.074537268634317 (0.25 -0.04684543635820178 0.0))
    (1.075537768884442 (0.25 -0.046914566416712516 0.0))
    (1.0765382691345673 (0.25 -0.04698162020413484 0.0))
    (1.0775387693846923 (0.25 -0.047046590359906645 0.0))
    (1.0785392696348173 (0.25 -0.04710946975218823 0.0))
    (1.0795397698849425 (0.25 -0.04717025147864509 0.0))
    (1.0805402701350675 (0.25 -0.04722892886720563 0.0))
    (1.0815407703851925 (0.25 -0.04728549547679356 0.0))
    (1.0825412706353177 (0.25 -0.04733994509803492 0.0))
    (1.0835417708854427 (0.25 -0.0473922717539397 0.0))
    (1.0845422711355677 (0.25 -0.04744246970055796 0.0))
    (1.0855427713856927 (0.25 -0.047490533427610324 0.0))
    (1.0865432716358179 (0.25 -0.04753645765909287 0.0))
    (1.0875437718859429 (0.25 -0.04758023735385622 0.0))
    (1.0885442721360679 (0.25 -0.04762186770615901 0.0))
    (1.089544772386193 (0.25 -0.04766134414619538 0.0))
    (1.090545272636318 (0.25 -0.047698662340596526 0.0))
    (1.091545772886443 (0.25 -0.04773381819290655 0.0))
    (1.0925462731365683 (0.25 -0.04776680784403195 0.0))
    (1.0935467733866933 (0.25 -0.04779762767266536 0.0))
    (1.0945472736368183 (0.25 -0.04782627429568302 0.0))
    (1.0955477738869435 (0.25 -0.047852744568516146 0.0))
    (1.0965482741370685 (0.25 -0.04787703558549611 0.0))
    (1.0975487743871934 (0.25 -0.047899144680173394 0.0))
    (1.0985492746373187 (0.25 -0.047919069425610326 0.0))
    (1.0995497748874437 (0.25 -0.047936807634647444 0.0))
    (1.1005502751375686 (0.25 -0.04795235736014359 0.0))
    (1.1015507753876939 (0.25 -0.04796571689518968 0.0))
    (1.1025512756378189 (0.25 -0.04797688477329602 0.0))
    (1.1035517758879438 (0.25 -0.04798585976855335 0.0))
    (1.104552276138069 (0.25 -0.047992640895767366 0.0))
    (1.105552776388194 (0.25 -0.04799722741056686 0.0))
    (1.106553276638319 (0.25 -0.047999618809485466 0.0))
    (1.1075537768884443 (0.25 -0.047999814830016904 0.0))
    (1.1085542771385692 (0.25 -0.04799781545064381 0.0))
    (1.1095547773886942 (0.25 -0.04799362089084008 0.0))
    (1.1105552776388192 (0.25 -0.047987231611046774 0.0))
    (1.1115557778889444 (0.25 -0.047978648312621615 0.0))
    (1.1125562781390694 (0.25 -0.04796787193776195 0.0))
    (1.1135567783891944 (0.25 -0.047954903669401326 0.0))
    (1.1145572786393196 (0.25 -0.047939744931079706 0.0))
    (1.1155577788894446 (0.25 -0.047922397386787115 0.0))
    (1.1165582791395696 (0.25 -0.047902862940781055 0.0))
    (1.1175587793896948 (0.25 -0.047881143737377396 0.0))
    (1.1185592796398198 (0.25 -0.04785724216071508 0.0))
    (1.1195597798899448 (0.25 -0.04783116083449437 0.0))
    (1.12056028014007 (0.25 -0.04780290262168879 0.0))
    (1.121560780390195 (0.25 -0.047772470624230984 0.0))
    (1.12256128064032 (0.25 -0.04773986818267208 0.0))
    (1.1235617808904452 (0.25 -0.04770509887581506 0.0))
    (1.1245622811405702 (0.25 -0.047668166520321915 0.0))
    (1.1255627813906952 (0.25 -0.047629075170294674 0.0))
    (1.1265632816408204 (0.25 -0.047587829116830335 0.0))
    (1.1275637818909454 (0.25 -0.04754443288754996 0.0))
    (1.1285642821410704 (0.25 -0.047498891246101516 0.0))
    (1.1295647823911956 (0.25 -0.047451209191637034 0.0))
    (1.1305652826413206 (0.25 -0.047401391958263886 0.0))
    (1.1315657828914456 (0.25 -0.04734944501447016 0.0))
    (1.1325662831415706 (0.25 -0.04729537406252443 0.0))
    (1.1335667833916958 (0.25 -0.047239185037849775 0.0))
    (1.1345672836418208 (0.25 -0.04718088410837229 0.0))
    (1.1355677838919458 (0.25 -0.04712047767384396 0.0))
    (1.136568284142071 (0.25 -0.0470579723651402 0.0))
    (1.137568784392196 (0.25 -0.046993375043532 0.0))
    (1.138569284642321 (0.25 -0.046926692799932695 0.0))
    (1.1395697848924462 (0.25 -0.04685793295411958 0.0))
    (1.1405702851425712 (0.25 -0.04678710305393052 0.0))
    (1.1415707853926962 (0.25 -0.046714210874435294 0.0))
    (1.1425712856428214 (0.25 -0.04663926441708216 0.0))
    (1.1435717858929464 (0.25 -0.04656227190881959 0.0))
    (1.1445722861430714 (0.25 -0.04648324180119308 0.0))
    (1.1455727863931966 (0.25 -0.046402182769417474 0.0))
    (1.1465732866433216 (0.25 -0.0463191037114247 0.0))
    (1.1475737868934466 (0.25 -0.04623401374688698 0.0))
    (1.1485742871435718 (0.25 -0.0461469222162158 0.0))
    (1.1495747873936968 (0.25 -0.04605783867953659 0.0))
    (1.1505752876438218 (0.25 -0.045966772915639276 0.0))
    (1.151575787893947 (0.25 -0.04587373492090484 0.0))
    (1.152576288144072 (0.25 -0.045778734908208135 0.0))
    (1.153576788394197 (0.25 -0.045681783305796635 0.0))
    (1.1545772886443222 (0.25 -0.04558289075614578 0.0))
    (1.1555777888944472 (0.25 -0.04548206811479081 0.0))
    (1.1565782891445722 (0.25 -0.045379326449135046 0.0))
    (1.1575787893946972 (0.25 -0.04527467703723504 0.0))
    (1.1585792896448224 (0.25 -0.04516813136656257 0.0))
    (1.1595797898949474 (0.25 -0.045059701132743754 0.0))
    (1.1605802901450724 (0.25 -0.044949398238274985 0.0))
    (1.1615807903951976 (0.25 -0.044837234791216575 0.0))
    (1.1625812906453226 (0.25 -0.04472322310386358 0.0))
    (1.1635817908954476 (0.25 -0.044607375691394224 0.0))
    (1.1645822911455728 (0.25 -0.044489705270496165 0.0))
    (1.1655827913956978 (0.25 -0.04437022475797056 0.0))
    (1.1665832916458228 (0.25 -0.044248947269314116 0.0))
    (1.167583791895948 (0.25 -0.044125886117279384 0.0))
    (1.168584292146073 (0.25 -0.0440010548104136 0.0))
    (1.169584792396198 (0.25 -0.04387446705157555 0.0))
    (1.1705852926463232 (0.25 -0.04374613673643153 0.0))
    (1.1715857928964482 (0.25 -0.04361607795193011 0.0))
    (1.1725862931465731 (0.25 -0.04348430497475559 0.0))
    (1.1735867933966984 (0.25 -0.04335083226976093 0.0))
    (1.1745872936468233 (0.25 -0.04321567448838005 0.0))
    (1.1755877938969483 (0.25 -0.043078846467019295 0.0))
    (1.1765882941470736 (0.25 -0.042940363225428956 0.0))
    (1.1775887943971985 (0.25 -0.04280023996505458 0.0))
    (1.1785892946473235 (0.25 -0.042658492067368166 0.0))
    (1.1795897948974485 (0.25 -0.04251513509217986 0.0))
    (1.1805902951475737 (0.25 -0.0423701847759298 0.0))
    (1.1815907953976987 (0.25 -0.042223657029960865 0.0))
    (1.1825912956478237 (0.25 -0.042075567938771936 0.0))
    (1.183591795897949 (0.25 -0.04192593375825229 0.0))
    (1.184592296148074 (0.25 -0.04177477091389739 0.0))
    (1.185592796398199 (0.25 -0.04162209599900552 0.0))
    (1.1865932966483241 (0.25 -0.041467925772856504 0.0))
    (1.1875937968984491 (0.25 -0.04131227715887205 0.0))
    (1.1885942971485741 (0.25 -0.041155167242757945 0.0))
    (1.1895947973986993 (0.25 -0.04099661327062855 0.0))
    (1.1905952976488243 (0.25 -0.04083663264711388 0.0))
    (1.1915957978989493 (0.25 -0.04067524293344875 0.0))
    (1.1925962981490745 (0.25 -0.040512461845545245 0.0))
    (1.1935967983991995 (0.25 -0.040348307252048105 0.0))
    (1.1945972986493245 (0.25 -0.04018279717237306 0.0))
    (1.1955977988994497 (0.25 -0.040015949774729 0.0))
    (1.1965982991495747 (0.25 -0.03984778337412355 0.0))
    (1.1975987993996997 (0.25 -0.039678316430352606 0.0))
    (1.198599299649825 (0.25 -0.03950756754597394 0.0))
    (1.19959979989995 (0.25 -0.039335555464265426 0.0))
    (1.200600300150075 (0.25 -0.03916229906716721 0.0))
    (1.2016008004002001 (0.25 -0.038987817373209235 0.0))
    (1.2026013006503251 (0.25 -0.038812129535423595 0.0))
    (1.20360180090045 (0.25 -0.038635254839241934 0.0))
    (1.204602301150575 (0.25 -0.038457212700378565 0.0))
    (1.2056028014007003 (0.25 -0.03827802266269911 0.0))
    (1.2066033016508253 (0.25 -0.03809770439607539 0.0))
    (1.2076038019009503 (0.25 -0.037916277694225856 0.0))
    (1.2086043021510755 (0.25 -0.03773376247254307 0.0))
    (1.2096048024012005 (0.25 -0.03755017876590757 0.0))
    (1.2106053026513255 (0.25 -0.03736554672648856 0.0))
    (1.2116058029014507 (0.25 -0.03717988662153172 0.0))
    (1.2126063031515757 (0.25 -0.03699321883113462 0.0))
    (1.2136068034017007 (0.25 -0.036805563846009415 0.0))
    (1.214607303651826 (0.25 -0.03661694226523357 0.0))
    (1.215607803901951 (0.25 -0.03642737479398894 0.0))
    (1.2166083041520759 (0.25 -0.03623688224128854 0.0))
    (1.217608804402201 (0.25 -0.03604548551769253 0.0))
    (1.218609304652326 (0.25 -0.03585320563301293 0.0))
    (1.219609804902451 (0.25 -0.03566006369400715 0.0))
    (1.2206103051525763 (0.25 -0.03546608090206114 0.0))
    (1.2216108054027013 (0.25 -0.035271278550862324 0.0))
    (1.2226113056528263 (0.25 -0.03507567802406178 0.0))
    (1.2236118059029515 (0.25 -0.034879300792927156 0.0))
    (1.2246123061530765 (0.25 -0.03468216841398583 0.0))
    (1.2256128064032015 (0.25 -0.03448430252665838 0.0))
    (1.2266133066533267 (0.25 -0.03428572485088342 0.0))
    (1.2276138069034517 (0.25 -0.034086457184733354 0.0))
    (1.2286143071535767 (0.25 -0.03388652140202141 0.0))
    (1.2296148074037017 (0.25 -0.03368593944990071 0.0))
    (1.2306153076538269 (0.25 -0.033484733346454965 0.0))
    (1.2316158079039519 (0.25 -0.033282925178281804 0.0))
    (1.2326163081540769 (0.25 -0.03308053709806792 0.0))
    (1.233616808404202 (0.25 -0.03287759132215758 0.0))
    (1.234617308654327 (0.25 -0.032674110128113956 0.0))
    (1.235617808904452 (0.25 -0.03247011585227351 0.0))
    (1.2366183091545773 (0.25 -0.03226563088729418 0.0))
    (1.2376188094047023 (0.25 -0.03206067767969756 0.0))
    (1.2386193096548272 (0.25 -0.03185527872740449 0.0))
    (1.2396198099049525 (0.25 -0.03164945657726571 0.0))
    (1.2406203101550775 (0.25 -0.03144323382258686 0.0))
    (1.2416208104052024 (0.25 -0.031236633100648368 0.0))
    (1.2426213106553277 (0.25 -0.031029677090220396 0.0))
    (1.2436218109054527 (0.25 -0.03082238850907362 0.0))
    (1.2446223111555776 (0.25 -0.030614790111485237 0.0))
    (1.2456228114057029 (0.25 -0.030406904685741278 0.0))
    (1.2466233116558278 (0.25 -0.030198755051635353 0.0))
    (1.2476238119059528 (0.25 -0.029990364057963275 0.0))
    (1.248624312156078 (0.25 -0.029781754580015186 0.0))
    (1.249624812406203 (0.25 -0.029572949517064562 0.0))
    (1.250625312656328 (0.25 -0.029363971789854348 0.0))
    (1.251625812906453 (0.25 -0.029154844338081014 0.0))
    (1.2526263131565782 (0.25 -0.02894559011787651 0.0))
    (1.2536268134067032 (0.25 -0.028736232099288304 0.0))
    (1.2546273136568282 (0.25 -0.028526793263757826 0.0))
    (1.2556278139069534 (0.25 -0.028317296601597878 0.0))
    (1.2566283141570784 (0.25 -0.028107765109469014 0.0))
    (1.2576288144072034 (0.25 -0.028 0.0))
    (1.2586293146573286 (0.25 -0.028 0.0))
    (1.2596298149074536 (0.25 -0.028 0.0))
    (1.2606303151575786 (0.25 -0.028 0.0))
    (1.2616308154077038 (0.25 -0.028 0.0))
    (1.2626313156578288 (0.25 -0.028 0.0))
    (1.2636318159079538 (0.25 -0.028 0.0))
    (1.264632316158079 (0.25 -0.028 0.0))
    (1.265632816408204 (0.25 -0.028 0.0))
    (1.266633316658329 (0.25 -0.028 0.0))
    (1.2676338169084542 (0.25 -0.028 0.0))
    (1.2686343171585792 (0.25 -0.028 0.0))
    (1.2696348174087042 (0.25 -0.028 0.0))
    (1.2706353176588294 (0.25 -0.028 0.0))
    (1.2716358179089544 (0.25 -0.028 0.0))
    (1.2726363181590794 (0.25 -0.028 0.0))
    (1.2736368184092046 (0.25 -0.028 0.0))
    (1.2746373186593296 (0.25 -0.028 0.0))
    (1.2756378189094546 (0.25 -0.028 0.0))
    (1.2766383191595796 (0.25 -0.028 0.0))
    (1.2776388194097048 (0.25 -0.028 0.0))
    (1.2786393196598298 (0.25 -0.028 0.0))
    (1.2796398199099548 (0.25 -0.028 0.0))
    (1.28064032016008 (0.25 -0.028 0.0))
    (1.281640820410205 (0.25 -0.028 0.0))
    (1.28264132066033 (0.25 -0.028 0.0))
    (1.2836418209104552 (0.25 -0.028 0.0))
    (1.2846423211605802 (0.25 -0.028 0.0))
    (1.2856428214107052 (0.25 -0.028 0.0))
    (1.2866433216608304 (0.25 -0.028 0.0))
    (1.2876438219109554 (0.25 -0.028 0.0))
    (1.2886443221610804 (0.25 -0.028 0.0))
    (1.2896448224112056 (0.25 -0.028 0.0))
    (1.2906453226613306 (0.25 -0.028 0.0))
    (1.2916458229114556 (0.25 -0.028 0.0))
    (1.2926463231615808 (0.25 -0.028 0.0))
    (1.2936468234117058 (0.25 -0.028 0.0))
    (1.2946473236618308 (0.25 -0.028 0.0))
    (1.295647823911956 (0.25 -0.028 0.0))
    (1.296648324162081 (0.25 -0.028 0.0))
    (1.297648824412206 (0.25 -0.028 0.0))
    (1.298649324662331 (0.25 -0.028 0.0))
    (1.2996498249124562 (0.25 -0.028 0.0))
    (1.3006503251625812 (0.25 -0.028 0.0))
    (1.3016508254127062 (0.25 -0.028 0.0))
    (1.3026513256628314 (0.25 -0.028 0.0))
    (1.3036518259129564 (0.25 -0.028 0.0))
    (1.3046523261630814 (0.25 -0.028 0.0))
    (1.3056528264132066 (0.25 -0.028 0.0))
    (1.3066533266633316 (0.25 -0.028 0.0))
    (1.3076538269134566 (0.25 -0.028 0.0))
    (1.3086543271635818 (0.25 -0.028 0.0))
    (1.3096548274137068 (0.25 -0.028 0.0))
    (1.3106553276638317 (0.25 -0.028 0.0))
    (1.311655827913957 (0.25 -0.028 0.0))
    (1.312656328164082 (0.25 -0.028 0.0))
    (1.313656828414207 (0.25 -0.028 0.0))
    (1.3146573286643322 (0.25 -0.028 0.0))
    (1.3156578289144572 (0.25 -0.028 0.0))
    (1.3166583291645821 (0.25 -0.028 0.0))
    (1.3176588294147074 (0.25 -0.028 0.0))
    (1.3186593296648323 (0.25 -0.028 0.0))
    (1.3196598299149573 (0.25 -0.028 0.0))
    (1.3206603301650826 (0.25 -0.028 0.0))
    (1.3216608304152075 (0.25 -0.028 0.0))
    (1.3226613306653325 (0.25 -0.028 0.0))
    (1.3236618309154575 (0.25 -0.028 0.0))
    (1.3246623311655827 (0.25 -0.028 0.0))
    (1.3256628314157077 (0.25 -0.028 0.0))
    (1.3266633316658327 (0.25 -0.028 0.0))
    (1.327663831915958 (0.25 -0.028 0.0))
    (1.328664332166083 (0.25 -0.028 0.0))
    (1.329664832416208 (0.25 -0.028 0.0))
    (1.3306653326663331 (0.25 -0.028 0.0))
    (1.3316658329164581 (0.25 -0.028 0.0))
    (1.3326663331665831 (0.25 -0.028 0.0))
    (1.3336668334167083 (0.25 -0.028 0.0))
    (1.3346673336668333 (0.25 -0.028 0.0))
    (1.3356678339169583 (0.25 -0.028 0.0))
    (1.3366683341670835 (0.25 -0.028 0.0))
    (1.3376688344172085 (0.25 -0.028 0.0))
    (1.3386693346673335 (0.25 -0.028 0.0))
    (1.3396698349174587 (0.25 -0.028 0.0))
    (1.3406703351675837 (0.25 -0.028 0.0))
    (1.3416708354177087 (0.25 -0.028 0.0))
    (1.342671335667834 (0.25 -0.028 0.0))
    (1.343671835917959 (0.25 -0.028 0.0))
    (1.344672336168084 (0.25 -0.028 0.0))
    (1.3456728364182091 (0.25 -0.028 0.0))
    (1.346673336668334 (0.25 -0.028 0.0))
    (1.347673836918459 (0.25 -0.028 0.0))
    (1.348674337168584 (0.25 -0.028 0.0))
    (1.3496748374187093 (0.25 -0.028 0.0))
    (1.3506753376688343 (0.25 -0.028 0.0))
    (1.3516758379189593 (0.25 -0.028 0.0))
    (1.3526763381690845 (0.25 -0.028 0.0))
    (1.3536768384192095 (0.25 -0.028 0.0))
    (1.3546773386693345 (0.25 -0.028 0.0))
    (1.3556778389194597 (0.25 -0.028 0.0))
    (1.3566783391695847 (0.25 -0.028 0.0))
    (1.3576788394197097 (0.25 -0.028 0.0))
    (1.358679339669835 (0.25 -0.028 0.0))
    (1.3596798399199599 (0.25 -0.028 0.0))
    (1.3606803401700849 (0.25 -0.028 0.0))
    (1.36168084042021 (0.25 -0.028 0.0))
    (1.362681340670335 (0.25 -0.028 0.0))
    (1.36368184092046 (0.25 -0.028 0.0))
    (1.3646823411705853 (0.25 -0.028 0.0))
    (1.3656828414207103 (0.25 -0.028 0.0))
    (1.3666833416708353 (0.25 -0.028 0.0))
    (1.3676838419209605 (0.25 -0.028 0.0))
    (1.3686843421710855 (0.25 -0.028 0.0))
    (1.3696848424212105 (0.25 -0.028 0.0))
    (1.3706853426713355 (0.25 -0.028 0.0))
    (1.3716858429214607 (0.25 -0.028 0.0))
    (1.3726863431715857 (0.25 -0.028 0.0))
    (1.3736868434217107 (0.25 -0.028 0.0))
    (1.3746873436718359 (0.25 -0.028 0.0))
    (1.3756878439219609 (0.25 -0.028 0.0))
    (1.3766883441720859 (0.25 -0.028 0.0))
    (1.377688844422211 (0.25 -0.028 0.0))
    (1.378689344672336 (0.25 -0.028 0.0))
    (1.379689844922461 (0.25 -0.028 0.0))
    (1.3806903451725863 (0.25 -0.028 0.0))
    (1.3816908454227113 (0.25 -0.028 0.0))
    (1.3826913456728362 (0.25 -0.028 0.0))
    (1.3836918459229615 (0.25 -0.028 0.0))
    (1.3846923461730865 (0.25 -0.028 0.0))
    (1.3856928464232114 (0.25 -0.028 0.0))
    (1.3866933466733367 (0.25 -0.028 0.0))
    (1.3876938469234616 (0.25 -0.028 0.0))
    (1.3886943471735866 (0.25 -0.028 0.0))
    (1.3896948474237119 (0.25 -0.028 0.0))
    (1.3906953476738368 (0.25 -0.028 0.0))
    (1.3916958479239618 (0.25 -0.028 0.0))
    (1.392696348174087 (0.25 -0.028 0.0))
    (1.393696848424212 (0.25 -0.028 0.0))
    (1.394697348674337 (0.25 -0.028 0.0))
    (1.395697848924462 (0.25 -0.028 0.0))
    (1.3966983491745872 (0.25 -0.028 0.0))
    (1.3976988494247122 (0.25 -0.028 0.0))
    (1.3986993496748372 (0.25 -0.028 0.0))
    (1.3996998499249624 (0.25 -0.028 0.0))
    (1.4007003501750874 (0.25 -0.028 0.0))
    (1.4017008504252124 (0.25 -0.028 0.0))
    (1.4027013506753376 (0.25 -0.028 0.0))
    (1.4037018509254626 (0.25 -0.028 0.0))
    (1.4047023511755876 (0.25 -0.028 0.0))
    (1.4057028514257128 (0.25 -0.028 0.0))
    (1.4067033516758378 (0.25 -0.028 0.0))
    (1.4077038519259628 (0.25 -0.028 0.0))
    (1.408704352176088 (0.25 -0.028 0.0))
    (1.409704852426213 (0.25 -0.028 0.0))
    (1.410705352676338 (0.25 -0.028 0.0))
    (1.4117058529264632 (0.25 -0.028 0.0))
    (1.4127063531765882 (0.25 -0.028 0.0))
    (1.4137068534267132 (0.25 -0.028 0.0))
    (1.4147073536768384 (0.25 -0.028 0.0))
    (1.4157078539269634 (0.25 -0.028 0.0))
    (1.4167083541770884 (0.25 -0.028 0.0))
    (1.4177088544272134 (0.25 -0.028 0.0))
    (1.4187093546773386 (0.25 -0.028 0.0))
    (1.4197098549274636 (0.25 -0.028 0.0))
    (1.4207103551775886 (0.25 -0.028 0.0))
    (1.4217108554277138 (0.25 -0.028 0.0))
    (1.4227113556778388 (0.25 -0.028 0.0))
    (1.4237118559279638 (0.25 -0.028 0.0))
    (1.424712356178089 (0.25 -0.028 0.0))
    (1.425712856428214 (0.25 -0.028 0.0))
    (1.426713356678339 (0.25 -0.028 0.0))
    (1.4277138569284642 (0.25 -0.028 0.0))
    (1.4287143571785892 (0.25 -0.028 0.0))
    (1.4297148574287142 (0.25 -0.028 0.0))
    (1.4307153576788394 (0.25 -0.028 0.0))
    (1.4317158579289644 (0.25 -0.028 0.0))
    (1.4327163581790894 (0.25 -0.028 0.0))
    (1.4337168584292146 (0.25 -0.028 0.0))
    (1.4347173586793396 (0.25 -0.028 0.0))
    (1.4357178589294646 (0.25 -0.028 0.0))
    (1.4367183591795898 (0.25 -0.028 0.0))
    (1.4377188594297148 (0.25 -0.028 0.0))
    (1.4387193596798398 (0.25 -0.028 0.0))
    (1.439719859929965 (0.25 -0.028 0.0))
    (1.44072036018009 (0.25 -0.028 0.0))
    (1.441720860430215 (0.25 -0.028 0.0))
    (1.44272136068034 (0.25 -0.028 0.0))
    (1.4437218609304652 (0.25 -0.028 0.0))
    (1.4447223611805902 (0.25 -0.028 0.0))
    (1.4457228614307152 (0.25 -0.028 0.0))
    (1.4467233616808404 (0.25 -0.028 0.0))
    (1.4477238619309654 (0.25 -0.028 0.0))
    (1.4487243621810904 (0.25 -0.028 0.0))
    (1.4497248624312156 (0.25 -0.028 0.0))
    (1.4507253626813406 (0.25 -0.028 0.0))
    (1.4517258629314655 (0.25 -0.028 0.0))
    (1.4527263631815908 (0.25 -0.028 0.0))
    (1.4537268634317158 (0.25 -0.028 0.0))
    (1.4547273636818407 (0.25 -0.028 0.0))
    (1.455727863931966 (0.25 -0.028 0.0))
    (1.456728364182091 (0.25 -0.028 0.0))
    (1.457728864432216 (0.25 -0.028 0.0))
    (1.4587293646823412 (0.25 -0.028 0.0))
    (1.4597298649324661 (0.25 -0.028 0.0))
    (1.4607303651825911 (0.25 -0.028 0.0))
    (1.4617308654327164 (0.25 -0.028 0.0))
    (1.4627313656828413 (0.25 -0.028 0.0))
    (1.4637318659329663 (0.25 -0.028 0.0))
    (1.4647323661830915 (0.25 -0.028 0.0))
    (1.4657328664332165 (0.25 -0.028 0.0))
    (1.4667333666833415 (0.25 -0.028 0.0))
    (1.4677338669334665 (0.25 -0.028 0.0))
    (1.4687343671835917 (0.25 -0.028 0.0))
    (1.4697348674337167 (0.25 -0.028 0.0))
    (1.4707353676838417 (0.25 -0.028 0.0))
    (1.471735867933967 (0.25 -0.028 0.0))
    (1.472736368184092 (0.25 -0.028 0.0))
    (1.473736868434217 (0.25 -0.028 0.0))
    (1.4747373686843421 (0.25 -0.028 0.0))
    (1.4757378689344671 (0.25 -0.028 0.0))
    (1.4767383691845921 (0.25 -0.028 0.0))
    (1.4777388694347173 (0.25 -0.028 0.0))
    (1.4787393696848423 (0.25 -0.028 0.0))
    (1.4797398699349673 (0.25 -0.028 0.0))
    (1.4807403701850925 (0.25 -0.028 0.0))
    (1.4817408704352175 (0.25 -0.028 0.0))
    (1.4827413706853425 (0.25 -0.028 0.0))
    (1.4837418709354677 (0.25 -0.028 0.0))
    (1.4847423711855927 (0.25 -0.028 0.0))
    (1.4857428714357177 (0.25 -0.028 0.0))
    (1.486743371685843 (0.25 -0.028 0.0))
    (1.487743871935968 (0.25 -0.028 0.0))
    (1.488744372186093 (0.25 -0.028 0.0))
    (1.489744872436218 (0.25 -0.028 0.0))
    (1.490745372686343 (0.25 -0.028 0.0))
    (1.491745872936468 (0.25 -0.028 0.0))
    (1.492746373186593 (0.25 -0.028 0.0))
    (1.4937468734367183 (0.25 -0.028 0.0))
    (1.4947473736868433 (0.25 -0.028 0.0))
    (1.4957478739369683 (0.25 -0.028 0.0))
    (1.4967483741870935 (0.25 -0.028 0.0))
    (1.4977488744372185 (0.25 -0.028 0.0))
    (1.4987493746873435 (0.25 -0.028 0.0))
    (1.4997498749374687 (0.25 -0.028 0.0))
    (1.5007503751875937 (0.25 -0.028 0.0))
    (1.5017508754377187 (0.25 -0.028 0.0))
    (1.502751375687844 (0.25 -0.028 0.0))
    (1.5037518759379689 (0.25 -0.028 0.0))
    (1.5047523761880939 (0.25 -0.028 0.0))
    (1.505752876438219 (0.25 -0.028 0.0))
    (1.506753376688344 (0.25 -0.028 0.0))
    (1.507753876938469 (0.25 -0.028 0.0))
    (1.5087543771885943 (0.25 -0.028 0.0))
    (1.5097548774387193 (0.25 -0.028 0.0))
    (1.5107553776888443 (0.25 -0.028 0.0))
    (1.5117558779389695 (0.25 -0.028 0.0))
    (1.5127563781890945 (0.25 -0.028 0.0))
    (1.5137568784392195 (0.25 -0.028 0.0))
    (1.5147573786893445 (0.25 -0.028 0.0))
    (1.5157578789394697 (0.25 -0.028 0.0))
    (1.5167583791895947 (0.25 -0.028 0.0))
    (1.5177588794397197 (0.25 -0.028 0.0))
    (1.5187593796898449 (0.25 -0.028 0.0))
    (1.5197598799399699 (0.25 -0.028 0.0))
    (1.5207603801900949 (0.25 -0.028 0.0))
    (1.52176088044022 (0.25 -0.028 0.0))
    (1.522761380690345 (0.25 -0.028 0.0))
    (1.52376188094047 (0.25 -0.028 0.0))
    (1.5247623811905953 (0.25 -0.028 0.0))
    (1.5257628814407203 (0.25 -0.028 0.0))
    (1.5267633816908452 (0.25 -0.028 0.0))
    (1.5277638819409705 (0.25 -0.028 0.0))
    (1.5287643821910955 (0.25 -0.028 0.0))
    (1.5297648824412204 (0.25 -0.028 0.0))
    (1.5307653826913457 (0.25 -0.028 0.0))
    (1.5317658829414706 (0.25 -0.028 0.0))
    (1.5327663831915956 (0.25 -0.028 0.0))
    (1.5337668834417209 (0.25 -0.028 0.0))
    (1.5347673836918458 (0.25 -0.028 0.0))
    (1.5357678839419708 (0.25 -0.028 0.0))
    (1.5367683841920958 (0.25 -0.028 0.0))
    (1.537768884442221 (0.25 -0.028 0.0))
    (1.538769384692346 (0.25 -0.028 0.0))
    (1.539769884942471 (0.25 -0.028 0.0))
    (1.5407703851925962 (0.25 -0.028 0.0))
    (1.5417708854427212 (0.25 -0.028 0.0))
    (1.5427713856928462 (0.25 -0.028 0.0))
    (1.5437718859429714 (0.25 -0.028 0.0))
    (1.5447723861930964 (0.25 -0.028 0.0))
    (1.5457728864432214 (0.25 -0.028 0.0))
    (1.5467733866933466 (0.25 -0.028 0.0))
    (1.5477738869434716 (0.25 -0.028 0.0))
    (1.5487743871935966 (0.25 -0.028 0.0))
    (1.5497748874437218 (0.25 -0.028 0.0))
    (1.5507753876938468 (0.25 -0.028 0.0))
    (1.5517758879439718 (0.25 -0.028 0.0))
    (1.552776388194097 (0.25 -0.028 0.0))
    (1.553776888444222 (0.25 -0.028 0.0))
    (1.554777388694347 (0.25 -0.028 0.0))
    (1.5557778889444722 (0.25 -0.028 0.0))
    (1.5567783891945972 (0.25 -0.028 0.0))
    (1.5577788894447222 (0.25 -0.028133209308878533 0.0))
    (1.5587793896948474 (0.25 -0.028342737798489524 0.0))
    (1.5597798899449724 (0.25 -0.028552228665425613 0.0))
    (1.5607803901950974 (0.25 -0.028761658913662492 0.0))
    (1.5617808904452224 (0.25 -0.02897100555382997 0.0))
    (1.5627813906953476 (0.25 -0.029180245605735664 0.0))
    (1.5637818909454726 (0.25 -0.029389356100887276 0.0))
    (1.5647823911955976 (0.25 -0.0295983140850143 0.0))
    (1.5657828914457228 (0.25 -0.029807096620587493 0.0))
    (1.5667833916958478 (0.25 -0.03001568078933665 0.0))
    (1.5677838919459728 (0.25 -0.03022404369476662 0.0))
    (1.568784392196098 (0.25 -0.030432162464670568 0.0))
    (1.569784892446223 (0.25 -0.03064001425364047 0.0))
    (1.570785392696348 (0.25 -0.030847576245575263 0.0))
    (1.5717858929464732 (0.25 -0.031054825656185173 0.0))
    (1.5727863931965982 (0.25 -0.031261739735492684 0.0))
    (1.5737868934467232 (0.25 -0.031468295770330085 0.0))
    (1.5747873936968484 (0.25 -0.03167447108683245 0.0))
    (1.5757878939469734 (0.25 -0.031880243052926686 0.0))
    (1.5767883941970984 (0.25 -0.03208558908081599 0.0))
    (1.5777888944472236 (0.25 -0.03229048662945921 0.0))
    (1.5787893946973486 (0.25 -0.03249491320704504 0.0))
    (1.5797898949474736 (0.25 -0.03269884637346134 0.0))
    (1.5807903951975988 (0.25 -0.03290226374275819 0.0))
    (1.5817908954477238 (0.25 -0.03310514298560511 0.0))
    (1.5827913956978488 (0.25 -0.033307461831742435 0.0))
    (1.583791895947974 (0.25 -0.03350919807242585 0.0))
    (1.584792396198099 (0.25 -0.03371032956286399 0.0))
    (1.585792896448224 (0.25 -0.033910834224649786 0.0))
    (1.586793396698349 (0.25 -0.034110690048183685 0.0))
    (1.5877938969484742 (0.25 -0.034309875095089815 0.0))
    (1.5887943971985992 (0.25 -0.03450836750062402 0.0))
    (1.5897948974487242 (0.25 -0.03470614547607423 0.0))
    (1.5907953976988494 (0.25 -0.03490318731115198 0.0))
    (1.5917958979489744 (0.25 -0.0350994713763757 0.0))
    (1.5927963981990994 (0.25 -0.03529497612544502 0.0))
    (1.5937968984492246 (0.25 -0.03548968009760595 0.0))
    (1.5947973986993496 (0.25 -0.035683561920006365 0.0))
    (1.5957978989494745 (0.25 -0.03587660031004258 0.0))
    (1.5967983991995998 (0.25 -0.03606877407769529 0.0))
    (1.5977988994497248 (0.25 -0.03626006212785556 0.0))
    (1.5987993996998497 (0.25 -0.036450443462640654 0.0))
    (1.599799899949975 (0.25 -0.03663989718369895 0.0))
    (1.6008004002001 (0.25 -0.036828402494503705 0.0))
    (1.601800900450225 (0.25 -0.037015938702636336 0.0))
    (1.6028014007003502 (0.25 -0.03720248522205762 0.0))
    (1.6038019009504751 (0.25 -0.03738802157536736 0.0))
    (1.6048024012006001 (0.25 -0.037572527396052414 0.0))
    (1.6058029014507254 (0.25 -0.0377559824307222 0.0))
    (1.6068034017008503 (0.25 -0.03793836654133195 0.0))
    (1.6078039019509753 (0.25 -0.03811965970739339 0.0))
    (1.6088044022011003 (0.25 -0.038299842028172285 0.0))
    (1.6098049024512255 (0.25 -0.03847889372487309 0.0))
    (1.6108054027013505 (0.25 -0.03865679514280983 0.0))
    (1.6118059029514755 (0.25 -0.03883352675356394 0.0))
    (1.6128064032016007 (0.25 -0.03900906915712778 0.0))
    (1.6138069034517257 (0.25 -0.039183403084034084 0.0))
    (1.6148074037018507 (0.25 -0.03935650939747137 0.0))
    (1.615807903951976 (0.25 -0.03952836909538458 0.0))
    (1.616808404202101 (0.25 -0.0396989633125607 0.0))
    (1.617808904452226 (0.25 -0.039868273322700015 0.0))
    (1.6188094047023511 (0.25 -0.04003628054047148 0.0))
    (1.6198099049524761 (0.25 -0.04020296652355278 0.0))
    (1.6208104052026011 (0.25 -0.04036831297465501 0.0))
    (1.6218109054527263 (0.25 -0.04053230174353095 0.0))
    (1.6228114057028513 (0.25 -0.04069491482896753 0.0))
    (1.6238119059529763 (0.25 -0.0408561343807619 0.0))
    (1.6248124062031015 (0.25 -0.04101594270168084 0.0))
    (1.6258129064532265 (0.25 -0.041174322249403185 0.0))
    (1.6268134067033515 (0.25 -0.041331255638445835 0.0))
    (1.6278139069534767 (0.25 -0.04148672564207197 0.0))
    (1.6288144072036017 (0.25 -0.04164071519418196 0.0))
    (1.6298149074537267 (0.25 -0.04179320739118693 0.0))
    (1.630815407703852 (0.25 -0.04194418549386422 0.0))
    (1.631815907953977 (0.25 -0.04209363292919467 0.0))
    (1.632816408204102 (0.25 -0.04224153329218219 0.0))
    (1.633816908454227 (0.25 -0.04238787034765432 0.0))
    (1.634817408704352 (0.25 -0.04253262803204449 0.0))
    (1.635817908954477 (0.25 -0.04267579045515522 0.0))
    (1.636818409204602 (0.25 -0.042817341901902485 0.0))
    (1.6378189094547273 (0.25 -0.04295726683404085 0.0))
    (1.6388194097048523 (0.25 -0.04309554989186892 0.0))
    (1.6398199099549773 (0.25 -0.04323217589591558 0.0))
    (1.6408204102051025 (0.25 -0.04336712984860622 0.0))
    (1.6418209104552275 (0.25 -0.04350039693590883 0.0))
    (1.6428214107053525 (0.25 -0.0436319625289605 0.0))
    (1.6438219109554777 (0.25 -0.04376181218567299 0.0))
    (1.6448224112056027 (0.25 -0.04388993165231812 0.0))
    (1.6458229114557277 (0.25 -0.04401630686509245 0.0))
    (1.646823411705853 (0.25 -0.04414092395166107 0.0))
    (1.6478239119559779 (0.25 -0.04426376923268027 0.0))
    (1.6488244122061029 (0.25 -0.04438482922329931 0.0))
    (1.649824912456228 (0.25 -0.0445040906346406 0.0))
    (1.650825412706353 (0.25 -0.044621540375258326 0.0))
    (1.651825912956478 (0.25 -0.044737165552575696 0.0))
    (1.6528264132066033 (0.25 -0.04485095347430002 0.0))
    (1.6538269134567283 (0.25 -0.04496289164981601 0.0))
    (1.6548274137068533 (0.25 -0.04507296779155694 0.0))
    (1.6558279139569785 (0.25 -0.045181169816353395 0.0))
    (1.6568284142071035 (0.25 -0.04528748584675961 0.0))
    (1.6578289144572285 (0.25 -0.04539190421235742 0.0))
    (1.6588294147073535 (0.25 -0.0454944134510372 0.0))
    (1.6598299149574787 (0.25 -0.04559500231025615 0.0))
    (1.6608304152076037 (0.25 -0.045693659748273406 0.0))
    (1.6618309154577287 (0.25 -0.04579037493536223 0.0))
    (1.6628314157078539 (0.25 -0.045885137254998716 0.0))
    (1.6638319159579789 (0.25 -0.04597793630502713 0.0))
    (1.6648324162081038 (0.25 -0.04606876189880191 0.0))
    (1.665832916458229 (0.25 -0.04615760406630577 0.0))
    (1.666833416708354 (0.25 -0.046244453055244106 0.0))
    (1.667833916958479 (0.25 -0.04632929933211552 0.0))
    (1.6688344172086043 (0.25 -0.04641213358325842 0.0))
    (1.6698349174587293 (0.25 -0.04649294671587323 0.0))
    (1.6708354177088542 (0.25 -0.04657172985902065 0.0))
    (1.6718359179589795 (0.25 -0.04664847436459539 0.0))
    (1.6728364182091044 (0.25 -0.046723171808275406 0.0))
    (1.6738369184592294 (0.25 -0.04679581399044676 0.0))
    (1.6748374187093547 (0.25 -0.04686639293710364 0.0))
    (1.6758379189594796 (0.25 -0.04693490090072366 0.0))
    (1.6768384192096046 (0.25 -0.047001330361118365 0.0))
    (1.6778389194597298 (0.25 -0.04706567402625872 0.0))
    (1.6788394197098548 (0.25 -0.047127924833075464 0.0))
    (1.6798399199599798 (0.25 -0.0471880759482346 0.0))
    (1.6808404202101048 (0.25 -0.047246120768887345 0.0))
    (1.68184092046023 (0.25 -0.04730205292339505 0.0))
    (1.682841420710355 (0.25 -0.047355866272028535 0.0))
    (1.68384192096048 (0.25 -0.04740755490764206 0.0))
    (1.6848424212106052 (0.25 -0.047457113156321826 0.0))
    (1.6858429214607302 (0.25 -0.04750453557800874 0.0))
    (1.6868434217108552 (0.25 -0.04754981696709561 0.0))
    (1.6878439219609804 (0.25 -0.047592952352998555 0.0))
    (1.6888444222111054 (0.25 -0.04763393700070262 0.0))
    (1.6898449224612304 (0.25 -0.04767276641128157 0.0))
    (1.6908454227113556 (0.25 -0.04770943632239173 0.0))
    (1.6918459229614806 (0.25 -0.04774394270873987 0.0))
    (1.6928464232116056 (0.25 -0.04777628178252504 0.0))
    (1.6938469234617308 (0.25 -0.04780644999385443 0.0))
    (1.6948474237118558 (0.25 -0.04783444403113293 0.0))
    (1.6958479239619808 (0.25 -0.047860260821426776 0.0))
    (1.696848424212106 (0.25 -0.04788389753080077 0.0))
    (1.697848924462231 (0.25 -0.04790535156462942 0.0))
    (1.698849424712356 (0.25 -0.04792462056788172 0.0))
    (1.6998499249624812 (0.25 -0.047941702425379706 0.0))
    (1.7008504252126062 (0.25 -0.047956595262030596 0.0))
    (1.7018509254627312 (0.25 -0.047969297443032646 0.0))
    (1.7028514257128564 (0.25 -0.04797980757405461 0.0))
    (1.7038519259629814 (0.25 -0.04798812450138875 0.0))
    (1.7048524262131064 (0.25 -0.04799424731207755 0.0))
    (1.7058529264632314 (0.25 -0.0479981753340139 0.0))
    (1.7068534267133566 (0.25 -0.047999908136014846 0.0))
    (1.7078539269634816 (0.25 -0.04799944552786895 0.0))
    (1.7088544272136066 (0.25 -0.047996787560357204 0.0))
    (1.7098549274637318 (0.25 -0.04799193452524736 0.0))
    (1.7108554277138568 (0.25 -0.04798488695526201 0.0))
    (1.7118559279639818 (0.25 -0.04797564562402005 0.0))
    (1.712856428214107 (0.25 -0.047964211545951735 0.0))
    (1.713856928464232 (0.25 -0.047950585976187385 0.0))
    (1.714857428714357 (0.25 -0.04793477041041959 0.0))
    (1.7158579289644822 (0.25 -0.04791676658473898 0.0))
    (1.7168584292146072 (0.25 -0.047896576475443736 0.0))
    (1.7178589294647322 (0.25 -0.04787420229882256 0.0))
    (1.7188594297148574 (0.25 -0.047849646510911455 0.0))
    (1.7198599299649824 (0.25 -0.04782291180722412 0.0))
    (1.7208604302151074 (0.25 -0.04779400112245599 0.0))
    (1.7218609304652326 (0.25 -0.0477629176301622 0.0))
    (1.7228614307153576 (0.25 -0.04772966474240914 0.0))
    (1.7238619309654826 (0.25 -0.047694246109399915 0.0))
    (1.7248624312156078 (0.25 -0.04765666561907371 0.0))
    (1.7258629314657328 (0.25 -0.04761692739667897 0.0))
    (1.7268634317158578 (0.25 -0.04757503580432056 0.0))
    (1.7278639319659828 (0.25 -0.04753099544048095 0.0))
    (1.728864432216108 (0.25 -0.0474848111395154 0.0))
    (1.729864932466233 (0.25 -0.04743648797112139 0.0))
    (1.730865432716358 (0.25 -0.04738603123978198 0.0))
    (1.7318659329664832 (0.25 -0.04733344648418358 0.0))
    (1.7328664332166082 (0.25 -0.047278739476608045 0.0))
    (1.7338669334667332 (0.25 -0.047221916222298904 0.0))
    (1.7348674337168584 (0.25 -0.047162982958802266 0.0))
    (1.7358679339669834 (0.25 -0.0471019461552821 0.0))
    (1.7368684342171083 (0.25 -0.04703881251181005 0.0))
    (1.7378689344672336 (0.25 -0.04697358895863002 0.0))
    (1.7388694347173586 (0.25 -0.04690628265539744 0.0))
    (1.7398699349674835 (0.25 -0.04683690099039328 0.0))
    (1.7408704352176088 (0.25 -0.046765451579713076 0.0))
    (1.7418709354677337 (0.25 -0.04669194226643095 0.0))
    (1.7428714357178587 (0.25 -0.046616381119738565 0.0))
    (1.743871935967984 (0.25 -0.04653877643405941 0.0))
    (1.744872436218109 (0.25 -0.04645913672813834 0.0))
    (1.745872936468234 (0.25 -0.046377470744106454 0.0))
    (1.7468734367183592 (0.25 -0.04629378744652139 0.0))
    (1.7478739369684841 (0.25 -0.04620809602138341 0.0))
    (1.7488744372186091 (0.25 -0.04612040587512693 0.0))
    (1.7498749374687343 (0.25 -0.04603072663358795 0.0))
    (1.7508754377188593 (0.25 -0.0459390681409476 0.0))
    (1.7518759379689843 (0.25 -0.045845440458651306 0.0))
    (1.7528764382191093 (0.25 -0.04574985386430447 0.0))
    (1.7538769384692345 (0.25 -0.0456523188505442 0.0))
    (1.7548774387193595 (0.25 -0.04555284612388767 0.0))
    (1.7558779389694845 (0.25 -0.04545144660355668 0.0))
    (1.7568784392196097 (0.25 -0.045348131420279145 0.0))
    (1.7578789394697347 (0.25 -0.04524291191506727 0.0))
    (1.7588794397198597 (0.25 -0.045135799637972554 0.0))
    (1.759879939969985 (0.25 -0.045026806346817966 0.0))
    (1.76088044022011 (0.25 -0.0449159440059074 0.0))
    (1.761880940470235 (0.25 -0.044803224784712124 0.0))
    (1.7628814407203601 (0.25 -0.04468866105653505 0.0))
    (1.7638819409704851 (0.25 -0.04457226539715255 0.0))
    (1.76488244122061 (0.25 -0.04445405058343386 0.0))
    (1.7658829414707353 (0.25 -0.044334029591938634 0.0))
    (1.7668834417208603 (0.25 -0.04421221559749258 0.0))
    (1.7678839419709853 (0.25 -0.04408862197174107 0.0))
    (1.7688844422211105 (0.25 -0.04396326228168139 0.0))
    (1.7698849424712355 (0.25 -0.04383615028817356 0.0))
    (1.7708854427213605 (0.25 -0.04370729994442968 0.0))
    (1.7718859429714857 (0.25 -0.04357672539448226 0.0))
    (1.7728864432216107 (0.25 -0.04344444097163183 0.0))
    (1.7738869434717357 (0.25 -0.043310461196873255 0.0))
    (1.774887443721861 (0.25 -0.0431748007773019 0.0))
    (1.775887943971986 (0.25 -0.04303747460449928 0.0))
    (1.776888444222111 (0.25 -0.04289849775289832 0.0))
    (1.7778889444722359 (0.25 -0.04275788547812857 0.0))
    (1.778889444722361 (0.25 -0.042615653215341644 0.0))
    (1.779889944972486 (0.25 -0.04247181657751695 0.0))
    (1.780890445222611 (0.25 -0.0423263913537477 0.0))
    (1.7818909454727363 (0.25 -0.04217939350750777 0.0))
    (1.7828914457228613 (0.25 -0.04203083917489951 0.0))
    (1.7838919459729863 (0.25 -0.04188074466288225 0.0))
    (1.7848924462231115 (0.25 -0.04172912644748236 0.0))
    (1.7858929464732365 (0.25 -0.04157600117198478 0.0))
    (1.7868934467233615 (0.25 -0.041421385645105835 0.0))
    (1.7878939469734867 (0.25 -0.041265296839148334 0.0))
    (1.7888944472236117 (0.25 -0.04110775188813843 0.0))
    (1.7898949474737367 (0.25 -0.04094876808594473 0.0))
    (1.7908954477238619 (0.25 -0.04078836288437995 0.0))
    (1.7918959479739869 (0.25 -0.04062655389128546 0.0))
    (1.7928964482241119 (0.25 -0.04046335886859803 0.0))
    (1.793896948474237 (0.25 -0.040298795730400364 0.0))
    (1.794897448724362 (0.25 -0.04013288254095465 0.0))
    (1.795897948974487 (0.25 -0.039965637512719504 0.0))
    (1.7968984492246123 (0.25 -0.0397970790043508 0.0))
    (1.7978989494747373 (0.25 -0.039627225518686596 0.0))
    (1.7988994497248623 (0.25 -0.03945609570071579 0.0))
    (1.7998999499749873 (0.25 -0.03928370833553159 0.0))
    (1.8009004502251125 (0.25 -0.039110082346269434 0.0))
    (1.8019009504752375 (0.25 -0.03893523679202984 0.0))
    (1.8029014507253625 (0.25 -0.03875919086578612 0.0))
    (1.8039019509754877 (0.25 -0.038581963892277686 0.0))
    (1.8049024512256127 (0.25 -0.038403575325888735 0.0))
    (1.8059029514757377 (0.25 -0.03822404474851261 0.0))
    (1.8069034517258629 (0.25 -0.038043391867402326 0.0))
    (1.8079039519759879 (0.25 -0.037861636513007516 0.0))
    (1.8089044522261128 (0.25 -0.03767879863679721 0.0))
    (1.809904952476238 (0.25 -0.03749489830907002 0.0))
    (1.810905452726363 (0.25 -0.03730995571675098 0.0))
    (1.811905952976488 (0.25 -0.0371239911611755 0.0))
    (1.8129064532266133 (0.25 -0.036937025055860905 0.0))
    (1.8139069534767382 (0.25 -0.036749077924265815 0.0))
    (1.8149074537268632 (0.25 -0.03656017039753692 0.0))
    (1.8159079539769885 (0.25 -0.03637032321224449 0.0))
    (1.8169084542271134 (0.25 -0.03617955720810615 0.0))
    (1.8179089544772384 (0.25 -0.035987893325699086 0.0))
    (1.8189094547273637 (0.25 -0.03579535260416157 0.0))
    (1.8199099549774886 (0.25 -0.035601956178883405 0.0))
    (1.8209104552276136 (0.25 -0.035407725279185794 0.0))
    (1.8219109554777388 (0.25 -0.03521268122599099 0.0))
    (1.8229114557278638 (0.25 -0.03501684542948215 0.0))
    (1.8239119559779888 (0.25 -0.03482023938675269 0.0))
    (1.8249124562281138 (0.25 -0.03462288467944678 0.0))
    (1.825912956478239 (0.25 -0.034424802971390264 0.0))
    (1.826913456728364 (0.25 -0.034226016006212646 0.0))
    (1.827913956978489 (0.25 -0.03402654560496016 0.0))
    (1.8289144572286142 (0.25 -0.033826413663700435 0.0))
    (1.8299149574787392 (0.25 -0.03362564215111926 0.0))
    (1.8309154577288642 (0.25 -0.03342425310610859 0.0))
    (1.8319159579789894 (0.25 -0.033222268635347565 0.0))
    (1.8329164582291144 (0.25 -0.03301971091087593 0.0))
    (1.8339169584792394 (0.25 -0.03281660216765993 0.0))
    (1.8349174587293646 (0.25 -0.03261296470115179 0.0))
    (1.8359179589794896 (0.25 -0.03240882086484224 0.0))
    (1.8369184592296146 (0.25 -0.03220419306780664 0.0))
    (1.8379189594797398 (0.25 -0.03199910377224521 0.0))
    (1.8389194597298648 (0.25 -0.03179357549101751 0.0))
    (1.8399199599799898 (0.25 -0.031587630785170795 0.0))
    (1.840920460230115 (0.25 -0.031381292261463724 0.0))
    (1.84192096048024 (0.25 -0.031174582569884826 0.0))
    (1.842921460730365 (0.25 -0.03096752440116601 0.0))
    (1.8439219609804902 (0.25 -0.030760140484291834 0.0))
    (1.8449224612306152 (0.25 -0.030552453584004772 0.0))
    (1.8459229614807402 (0.25 -0.030344486498305876 0.0))
    (1.8469234617308652 (0.25 -0.03013626205595252 0.0))
    (1.8479239619809904 (0.25 -0.029927803113952326 0.0))
    (1.8489244622311154 (0.25 -0.029719132555054262 0.0))
    (1.8499249624812404 (0.25 -0.029510273285236692 0.0))
    (1.8509254627313656 (0.25 -0.029301248231192862 0.0))
    (1.8519259629814906 (0.25 -0.02909208033781446 0.0))
    (1.8529264632316156 (0.25 -0.028882792565672694 0.0))
    (1.8539269634817408 (0.25 -0.02867340788849794 0.0))
    (1.8549274637318658 (0.25 -0.028463949290658156 0.0))
    (1.8559279639819908 (0.25 -0.028254439764635434 0.0))
    (1.856928464232116 (0.25 -0.028044902308502335 0.0))
    (1.857928964482241 (0.25 -0.028 0.0))
    (1.858929464732366 (0.25 -0.028 0.0))
    (1.8599299649824912 (0.25 -0.028 0.0))
    (1.8609304652326162 (0.25 -0.028 0.0))
    (1.8619309654827412 (0.25 -0.028 0.0))
    (1.8629314657328664 (0.25 -0.028 0.0))
    (1.8639319659829914 (0.25 -0.028 0.0))
    (1.8649324662331164 (0.25 -0.028 0.0))
    (1.8659329664832416 (0.25 -0.028 0.0))
    (1.8669334667333666 (0.25 -0.028 0.0))
    (1.8679339669834916 (0.25 -0.028 0.0))
    (1.8689344672336168 (0.25 -0.028 0.0))
    (1.8699349674837418 (0.25 -0.028 0.0))
    (1.8709354677338668 (0.25 -0.028 0.0))
    (1.8719359679839918 (0.25 -0.028 0.0))
    (1.872936468234117 (0.25 -0.028 0.0))
    (1.873936968484242 (0.25 -0.028 0.0))
    (1.874937468734367 (0.25 -0.028 0.0))
    (1.8759379689844922 (0.25 -0.028 0.0))
    (1.8769384692346172 (0.25 -0.028 0.0))
    (1.8779389694847421 (0.25 -0.028 0.0))
    (1.8789394697348674 (0.25 -0.028 0.0))
    (1.8799399699849924 (0.25 -0.028 0.0))
    (1.8809404702351173 (0.25 -0.028 0.0))
    (1.8819409704852426 (0.25 -0.028 0.0))
    (1.8829414707353676 (0.25 -0.028 0.0))
    (1.8839419709854925 (0.25 -0.028 0.0))
    (1.8849424712356178 (0.25 -0.028 0.0))
    (1.8859429714857427 (0.25 -0.028 0.0))
    (1.8869434717358677 (0.25 -0.028 0.0))
    (1.887943971985993 (0.25 -0.028 0.0))
    (1.888944472236118 (0.25 -0.028 0.0))
    (1.889944972486243 (0.25 -0.028 0.0))
    (1.8909454727363681 (0.25 -0.028 0.0))
    (1.8919459729864931 (0.25 -0.028 0.0))
    (1.8929464732366181 (0.25 -0.028 0.0))
    (1.8939469734867433 (0.25 -0.028 0.0))
    (1.8949474737368683 (0.25 -0.028 0.0))
    (1.8959479739869933 (0.25 -0.028 0.0))
    (1.8969484742371183 (0.25 -0.028 0.0))
    (1.8979489744872435 (0.25 -0.028 0.0))
    (1.8989494747373685 (0.25 -0.028 0.0))
    (1.8999499749874935 (0.25 -0.028 0.0))
    (1.9009504752376187 (0.25 -0.028 0.0))
    (1.9019509754877437 (0.25 -0.028 0.0))
    (1.9029514757378687 (0.25 -0.028 0.0))
    (1.903951975987994 (0.25 -0.028 0.0))
    (1.904952476238119 (0.25 -0.028 0.0))
    (1.905952976488244 (0.25 -0.028 0.0))
    (1.9069534767383691 (0.25 -0.028 0.0))
    (1.9079539769884941 (0.25 -0.028 0.0))
    (1.908954477238619 (0.25 -0.028 0.0))
    (1.9099549774887443 (0.25 -0.028 0.0))
    (1.9109554777388693 (0.25 -0.028 0.0))
    (1.9119559779889943 (0.25 -0.028 0.0))
    (1.9129564782391195 (0.25 -0.028 0.0))
    (1.9139569784892445 (0.25 -0.028 0.0))
    (1.9149574787393695 (0.25 -0.028 0.0))
    (1.9159579789894947 (0.25 -0.028 0.0))
    (1.9169584792396197 (0.25 -0.028 0.0))
    (1.9179589794897447 (0.25 -0.028 0.0))
    (1.9189594797398697 (0.25 -0.028 0.0))
    (1.919959979989995 (0.25 -0.028 0.0))
    (1.92096048024012 (0.25 -0.028 0.0))
    (1.9219609804902449 (0.25 -0.028 0.0))
    (1.92296148074037 (0.25 -0.028 0.0))
    (1.923961980990495 (0.25 -0.028 0.0))
    (1.92496248124062 (0.25 -0.028 0.0))
    (1.9259629814907453 (0.25 -0.028 0.0))
    (1.9269634817408703 (0.25 -0.028 0.0))
    (1.9279639819909953 (0.25 -0.028 0.0))
    (1.9289644822411205 (0.25 -0.028 0.0))
    (1.9299649824912455 (0.25 -0.028 0.0))
    (1.9309654827413705 (0.25 -0.028 0.0))
    (1.9319659829914957 (0.25 -0.028 0.0))
    (1.9329664832416207 (0.25 -0.028 0.0))
    (1.9339669834917457 (0.25 -0.028 0.0))
    (1.9349674837418709 (0.25 -0.028 0.0))
    (1.9359679839919959 (0.25 -0.028 0.0))
    (1.9369684842421209 (0.25 -0.028 0.0))
    (1.937968984492246 (0.25 -0.028 0.0))
    (1.938969484742371 (0.25 -0.028 0.0))
    (1.939969984992496 (0.25 -0.028 0.0))
    (1.9409704852426213 (0.25 -0.028 0.0))
    (1.9419709854927463 (0.25 -0.028 0.0))
    (1.9429714857428713 (0.25 -0.028 0.0))
    (1.9439719859929963 (0.25 -0.028 0.0))
    (1.9449724862431215 (0.25 -0.028 0.0))
    (1.9459729864932465 (0.25 -0.028 0.0))
    (1.9469734867433715 (0.25 -0.028 0.0))
    (1.9479739869934967 (0.25 -0.028 0.0))
    (1.9489744872436217 (0.25 -0.028 0.0))
    (1.9499749874937466 (0.25 -0.028 0.0))
    (1.9509754877438719 (0.25 -0.028 0.0))
    (1.9519759879939969 (0.25 -0.028 0.0))
    (1.9529764882441218 (0.25 -0.028 0.0))
    (1.953976988494247 (0.25 -0.028 0.0))
    (1.954977488744372 (0.25 -0.028 0.0))
    (1.955977988994497 (0.25 -0.028 0.0))
    (1.9569784892446223 (0.25 -0.028 0.0))
    (1.9579789894947472 (0.25 -0.028 0.0))
    (1.9589794897448722 (0.25 -0.028 0.0))
    (1.9599799899949975 (0.25 -0.028 0.0))
    (1.9609804902451224 (0.25 -0.028 0.0))
    (1.9619809904952474 (0.25 -0.028 0.0))
    (1.9629814907453726 (0.25 -0.028 0.0))
    (1.9639819909954976 (0.25 -0.028 0.0))
    (1.9649824912456226 (0.25 -0.028 0.0))
    (1.9659829914957476 (0.25 -0.028 0.0))
    (1.9669834917458728 (0.25 -0.028 0.0))
    (1.9679839919959978 (0.25 -0.028 0.0))
    (1.9689844922461228 (0.25 -0.028 0.0))
    (1.969984992496248 (0.25 -0.028 0.0))
    (1.970985492746373 (0.25 -0.028 0.0))
    (1.971985992996498 (0.25 -0.028 0.0))
    (1.9729864932466232 (0.25 -0.028 0.0))
    (1.9739869934967482 (0.25 -0.028 0.0))
    (1.9749874937468732 (0.25 -0.028 0.0))
    (1.9759879939969984 (0.25 -0.028 0.0))
    (1.9769884942471234 (0.25 -0.028 0.0))
    (1.9779889944972484 (0.25 -0.028 0.0))
    (1.9789894947473736 (0.25 -0.028 0.0))
    (1.9799899949974986 (0.25 -0.028 0.0))
    (1.9809904952476236 (0.25 -0.028 0.0))
    (1.9819909954977488 (0.25 -0.028 0.0))
    (1.9829914957478738 (0.25 -0.028 0.0))
    (1.9839919959979988 (0.25 -0.028 0.0))
    (1.984992496248124 (0.25 -0.028 0.0))
    (1.985992996498249 (0.25 -0.028 0.0))
    (1.986993496748374 (0.25 -0.028 0.0))
    (1.9879939969984992 (0.25 -0.028 0.0))
    (1.9889944972486242 (0.25 -0.028 0.0))
    (1.9899949974987492 (0.25 -0.028 0.0))
    (1.9909954977488742 (0.25 -0.028 0.0))
    (1.9919959979989994 (0.25 -0.028 0.0))
    (1.9929964982491244 (0.25 -0.028 0.0))
    (1.9939969984992494 (0.25 -0.028 0.0))
    (1.9949974987493746 (0.25 -0.028 0.0))
    (1.9959979989994996 (0.25 -0.028 0.0))
    (1.9969984992496246 (0.25 -0.028 0.0))
    (1.9979989994997498 (0.25 -0.028 0.0))
    (1.9989994997498748 (0.25 -0.028 0.0))
    (2.0 (0.25 -0.028 0.0))
)
