(
    (0.0 (0.37 -0.028 0.0))
    (0.0010005002501250625 (0.37 -0.028 0.0))
    (0.002001000500250125 (0.37 -0.028 0.0))
    (0.003001500750375187 (0.37 -0.028 0.0))
    (0.00400200100050025 (0.37 -0.028 0.0))
    (0.0050025012506253125 (0.37 -0.028 0.0))
    (0.006003001500750374 (0.37 -0.028 0.0))
    (0.007003501750875437 (0.37 -0.028 0.0))
    (0.0080040020010005 (0.37 -0.028 0.0))
    (0.009004502251125562 (0.37 -0.028 0.0))
    (0.010005002501250625 (0.37 -0.028 0.0))
    (0.011005502751375688 (0.37 -0.028 0.0))
    (0.012006003001500749 (0.37 -0.028 0.0))
    (0.013006503251625811 (0.37 -0.028 0.0))
    (0.014007003501750874 (0.37 -0.028 0.0))
    (0.015007503751875937 (0.37 -0.028 0.0))
    (0.016008004002001 (0.37 -0.028 0.0))
    (0.01700850425212606 (0.37 -0.028 0.0))
    (0.018009004502251125 (0.37 -0.028 0.0))
    (0.019009504752376186 (0.37 -0.028 0.0))
    (0.02001000500250125 (0.37 -0.028 0.0))
    (0.02101050525262631 (0.37 -0.028 0.0))
    (0.022011005502751375 (0.37 -0.028 0.0))
    (0.023011505752876436 (0.37 -0.028 0.0))
    (0.024012006003001497 (0.37 -0.028 0.0))
    (0.02501250625312656 (0.37 -0.028 0.0))
    (0.026013006503251623 (0.37 -0.028 0.0))
    (0.027013506753376687 (0.37 -0.028 0.0))
    (0.028014007003501748 (0.37 -0.028 0.0))
    (0.029014507253626812 (0.37 -0.028 0.0))
    (0.030015007503751873 (0.37 -0.028 0.0))
    (0.031015507753876938 (0.37 -0.028 0.0))
    (0.032016008004002 (0.37 -0.028 0.0))
    (0.03301650825412706 (0.37 -0.028 0.0))
    (0.03401700850425212 (0.37 -0.028 0.0))
    (0.03501750875437719 (0.37 -0.028 0.0))
    (0.03601800900450225 (0.37 -0.028 0.0))
    (0.03701850925462731 (0.37 -0.028 0.0))
    (0.03801900950475237 (0.37 -0.028 0.0))
    (0.03901950975487744 (0.37 -0.028 0.0))
    (0.0400200100050025 (0.37 -0.028 0.0))
    (0.04102051025512756 (0.37 -0.028 0.0))
    (0.04202101050525262 (0.37 -0.028 0.0))
    (0.04302151075537768 (0.37 -0.028 0.0))
    (0.04402201100550275 (0.37 -0.028 0.0))
    (0.04502251125562781 (0.37 -0.028 0.0))
    (0.04602301150575287 (0.37 -0.028 0.0))
    (0.047023511755877934 (0.37 -0.028 0.0))
    (0.048024012006002995 (0.37 -0.028 0.0))
    (0.04902451225612806 (0.37 -0.028 0.0))
    (0.05002501250625312 (0.37 -0.028 0.0))
    (0.051025512756378184 (0.37 -0.028 0.0))
    (0.052026013006503245 (0.37 -0.028 0.0))
    (0.05302651325662831 (0.37 -0.028 0.0))
    (0.054027013506753374 (0.37 -0.028 0.0))
    (0.055027513756878435 (0.37 -0.028 0.0))
    (0.056028014007003496 (0.37 -0.028 0.0))
    (0.05702851425712856 (0.37 -0.028 0.0))
    (0.058029014507253625 (0.37 -0.028 0.0))
    (0.059029514757378686 (0.37 -0.028 0.0))
    (0.06003001500750375 (0.37 -0.028 0.0))
    (0.06103051525762881 (0.37 -0.028 0.0))
    (0.062031015507753876 (0.37 -0.028 0.0))
    (0.06303151575787894 (0.37 -0.028 0.0))
    (0.064032016008004 (0.37 -0.028 0.0))
    (0.06503251625812906 (0.37 -0.028 0.0))
    (0.06603301650825412 (0.37 -0.028 0.0))
    (0.06703351675837918 (0.37 -0.028 0.0))
    (0.06803401700850424 (0.37 -0.028 0.0))
    (0.06903451725862932 (0.37 -0.028 0.0))
    (0.07003501750875438 (0.37 -0.028 0.0))
    (0.07103551775887944 (0.37 -0.028 0.0))
    (0.0720360180090045 (0.37 -0.028 0.0))
    (0.07303651825912956 (0.37 -0.028 0.0))
    (0.07403701850925462 (0.37 -0.028 0.0))
    (0.07503751875937968 (0.37 -0.028 0.0))
    (0.07603801900950474 (0.37 -0.028 0.0))
    (0.0770385192596298 (0.37 -0.028 0.0))
    (0.07803901950975488 (0.37 -0.028 0.0))
    (0.07903951975987994 (0.37 -0.028 0.0))
    (0.080040020010005 (0.37 -0.028 0.0))
    (0.08104052026013006 (0.37 -0.028 0.0))
    (0.08204102051025512 (0.37 -0.028 0.0))
    (0.08304152076038018 (0.37 -0.028 0.0))
    (0.08404202101050524 (0.37 -0.028 0.0))
    (0.0850425212606303 (0.37 -0.028 0.0))
    (0.08604302151075537 (0.37 -0.028 0.0))
    (0.08704352176088044 (0.37 -0.028 0.0))
    (0.0880440220110055 (0.37 -0.028 0.0))
    (0.08904452226113056 (0.37 -0.028 0.0))
    (0.09004502251125562 (0.37 -0.028 0.0))
    (0.09104552276138068 (0.37 -0.028 0.0))
    (0.09204602301150575 (0.37 -0.028 0.0))
    (0.0930465232616308 (0.37 -0.028 0.0))
    (0.09404702351175587 (0.37 -0.028 0.0))
    (0.09504752376188093 (0.37 -0.028 0.0))
    (0.09604802401200599 (0.37 -0.028 0.0))
    (0.09704852426213106 (0.37 -0.028 0.0))
    (0.09804902451225612 (0.37 -0.028 0.0))
    (0.09904952476238119 (0.37 -0.028 0.0))
    (0.10005002501250625 (0.37 -0.028 0.0))
    (0.10105052526263131 (0.37 -0.028 0.0))
    (0.10205102551275637 (0.37 -0.028 0.0))
    (0.10305152576288143 (0.37 -0.028 0.0))
    (0.10405202601300649 (0.37 -0.028 0.0))
    (0.10505252626313155 (0.37 -0.028 0.0))
    (0.10605302651325663 (0.37 -0.028 0.0))
    (0.10705352676338169 (0.37 -0.028 0.0))
    (0.10805402701350675 (0.37 -0.028 0.0))
    (0.10905452726363181 (0.37 -0.028 0.0))
    (0.11005502751375687 (0.37 -0.028 0.0))
    (0.11105552776388193 (0.37 -0.028 0.0))
    (0.11205602801400699 (0.37 -0.028 0.0))
    (0.11305652826413205 (0.37 -0.028 0.0))
    (0.11405702851425711 (0.37 -0.028 0.0))
    (0.11505752876438219 (0.37 -0.028 0.0))
    (0.11605802901450725 (0.37 -0.028 0.0))
    (0.11705852926463231 (0.37 -0.028 0.0))
    (0.11805902951475737 (0.37 -0.028 0.0))
    (0.11905952976488243 (0.37 -0.028 0.0))
    (0.1200600300150075 (0.37 -0.028 0.0))
    (0.12106053026513255 (0.37 -0.028 0.0))
    (0.12206103051525762 (0.37 -0.028 0.0))
    (0.12306153076538268 (0.37 -0.028 0.0))
    (0.12406203101550775 (0.37 -0.028 0.0))
    (0.1250625312656328 (0.37 -0.028 0.0))
    (0.12606303151575787 (0.37 -0.028 0.0))
    (0.12706353176588292 (0.37 -0.028 0.0))
    (0.128064032016008 (0.37 -0.028 0.0))
    (0.12906453226613307 (0.37 -0.028 0.0))
    (0.13006503251625812 (0.37 -0.028 0.0))
    (0.1310655327663832 (0.37 -0.028 0.0))
    (0.13206603301650824 (0.37 -0.028 0.0))
    (0.1330665332666333 (0.37 -0.028 0.0))
    (0.13406703351675836 (0.37 -0.028 0.0))
    (0.13506753376688344 (0.37 -0.028 0.0))
    (0.13606803401700848 (0.37 -0.028 0.0))
    (0.13706853426713356 (0.37 -0.028 0.0))
    (0.13806903451725863 (0.37 -0.028 0.0))
    (0.13906953476738368 (0.37 -0.028 0.0))
    (0.14007003501750875 (0.37 -0.028 0.0))
    (0.1410705352676338 (0.37 -0.028 0.0))
    (0.14207103551775888 (0.37 -0.028 0.0))
    (0.14307153576788392 (0.37 -0.028 0.0))
    (0.144072036018009 (0.37 -0.028 0.0))
    (0.14507253626813404 (0.37 -0.028 0.0))
    (0.14607303651825912 (0.37 -0.028 0.0))
    (0.1470735367683842 (0.37 -0.028 0.0))
    (0.14807403701850924 (0.37 -0.028 0.0))
    (0.14907453726863432 (0.37 -0.028 0.0))
    (0.15007503751875936 (0.37 -0.028 0.0))
    (0.15107553776888444 (0.37 -0.028 0.0))
    (0.15207603801900949 (0.37 -0.028 0.0))
    (0.15307653826913456 (0.37 -0.028 0.0))
    (0.1540770385192596 (0.37 -0.028 0.0))
    (0.15507753876938468 (0.37 -0.028 0.0))
    (0.15607803901950976 (0.37 -0.028 0.0))
    (0.1570785392696348 (0.37 -0.028 0.0))
    (0.15807903951975988 (0.37 -0.028 0.0))
    (0.15907953976988493 (0.37 -0.028 0.0))
    (0.16008004002001 (0.37 -0.028 0.0))
    (0.16108054027013505 (0.37 -0.028 0.0))
    (0.16208104052026012 (0.37 -0.028 0.0))
    (0.16308154077038517 (0.37 -0.028 0.0))
    (0.16408204102051024 (0.37 -0.028 0.0))
    (0.16508254127063532 (0.37 -0.028 0.0))
    (0.16608304152076037 (0.37 -0.028 0.0))
    (0.16708354177088544 (0.37 -0.028 0.0))
    (0.1680840420210105 (0.37 -0.028 0.0))
    (0.16908454227113556 (0.37 -0.028 0.0))
    (0.1700850425212606 (0.37 -0.028 0.0))
    (0.17108554277138568 (0.37 -0.028 0.0))
    (0.17208604302151073 (0.37 -0.028 0.0))
    (0.1730865432716358 (0.37 -0.028 0.0))
    (0.17408704352176088 (0.37 -0.028 0.0))
    (0.17508754377188593 (0.37 -0.028 0.0))
    (0.176088044022011 (0.37 -0.028 0.0))
    (0.17708854427213605 (0.37 -0.028 0.0))
    (0.17808904452226113 (0.37 -0.028 0.0))
    (0.17908954477238617 (0.37 -0.028 0.0))
    (0.18009004502251125 (0.37 -0.028 0.0))
    (0.1810905452726363 (0.37 -0.028 0.0))
    (0.18209104552276137 (0.37 -0.028 0.0))
    (0.18309154577288644 (0.37 -0.028 0.0))
    (0.1840920460230115 (0.37 -0.028 0.0))
    (0.18509254627313657 (0.37 -0.028 0.0))
    (0.1860930465232616 (0.37 -0.028 0.0))
    (0.1870935467733867 (0.37 -0.028 0.0))
    (0.18809404702351173 (0.37 -0.028 0.0))
    (0.1890945472736368 (0.37 -0.028 0.0))
    (0.19009504752376186 (0.37 -0.028 0.0))
    (0.19109554777388693 (0.37 -0.028 0.0))
    (0.19209604802401198 (0.37 -0.028 0.0))
    (0.19309654827413705 (0.37 -0.028 0.0))
    (0.19409704852426213 (0.37 -0.028 0.0))
    (0.19509754877438718 (0.37 -0.028 0.0))
    (0.19609804902451225 (0.37 -0.028 0.0))
    (0.1970985492746373 (0.37 -0.028 0.0))
    (0.19809904952476237 (0.37 -0.028 0.0))
    (0.19909954977488742 (0.37 -0.028 0.0))
    (0.2001000500250125 (0.37 -0.028 0.0))
    (0.20110055027513754 (0.37 -0.028 0.0))
    (0.20210105052526262 (0.37 -0.028 0.0))
    (0.2031015507753877 (0.37 -0.028 0.0))
    (0.20410205102551274 (0.37 -0.028 0.0))
    (0.2051025512756378 (0.37 -0.028 0.0))
    (0.20610305152576286 (0.37 -0.028 0.0))
    (0.20710355177588793 (0.37 -0.028 0.0))
    (0.20810405202601298 (0.37 -0.028 0.0))
    (0.20910455227613806 (0.37 -0.028 0.0))
    (0.2101050525262631 (0.37 -0.028 0.0))
    (0.21110555277638818 (0.37 -0.028 0.0))
    (0.21210605302651325 (0.37 -0.028 0.0))
    (0.2131065532766383 (0.37 -0.028 0.0))
    (0.21410705352676337 (0.37 -0.028 0.0))
    (0.21510755377688842 (0.37 -0.028 0.0))
    (0.2161080540270135 (0.37 -0.028 0.0))
    (0.21710855427713854 (0.37 -0.028 0.0))
    (0.21810905452726362 (0.37 -0.028 0.0))
    (0.21910955477738867 (0.37 -0.028 0.0))
    (0.22011005502751374 (0.37 -0.028 0.0))
    (0.22111055527763882 (0.37 -0.028 0.0))
    (0.22211105552776386 (0.37 -0.028 0.0))
    (0.22311155577788894 (0.37 -0.028 0.0))
    (0.22411205602801398 (0.37 -0.028 0.0))
    (0.22511255627813906 (0.37 -0.028 0.0))
    (0.2261130565282641 (0.37 -0.028 0.0))
    (0.22711355677838918 (0.37 -0.028 0.0))
    (0.22811405702851423 (0.37 -0.028 0.0))
    (0.2291145572786393 (0.37 -0.028 0.0))
    (0.23011505752876438 (0.37 -0.028 0.0))
    (0.23111555777888942 (0.37 -0.028 0.0))
    (0.2321160580290145 (0.37 -0.028 0.0))
    (0.23311655827913955 (0.37 -0.028 0.0))
    (0.23411705852926462 (0.37 -0.028 0.0))
    (0.23511755877938967 (0.37 -0.028 0.0))
    (0.23611805902951474 (0.37 -0.028 0.0))
    (0.2371185592796398 (0.37 -0.028 0.0))
    (0.23811905952976486 (0.37 -0.028 0.0))
    (0.23911955977988994 (0.37 -0.028 0.0))
    (0.240120060030015 (0.37 -0.028 0.0))
    (0.24112056028014006 (0.37 -0.028 0.0))
    (0.2421210605302651 (0.37 -0.028 0.0))
    (0.24312156078039018 (0.37 -0.028 0.0))
    (0.24412206103051523 (0.37 -0.028 0.0))
    (0.2451225612806403 (0.37 -0.028 0.0))
    (0.24612306153076535 (0.37 -0.028 0.0))
    (0.24712356178089043 (0.37 -0.028 0.0))
    (0.2481240620310155 (0.37 -0.028 0.0))
    (0.24912456228114055 (0.37 -0.028 0.0))
    (0.2501250625312656 (0.37 -0.028 0.0))
    (0.2511255627813907 (0.37 -0.028 0.0))
    (0.25212606303151575 (0.37 -0.028 0.0))
    (0.2531265632816408 (0.37 -0.028 0.0))
    (0.25412706353176584 (0.37 -0.028 0.0))
    (0.25512756378189094 (0.37 -0.028 0.0))
    (0.256128064032016 (0.37 -0.028 0.0))
    (0.25712856428214104 (0.37 -0.028 0.0))
    (0.25812906453226614 (0.37 -0.028 0.0))
    (0.2591295647823912 (0.37 -0.028 0.0))
    (0.26013006503251623 (0.37 -0.028 0.0))
    (0.2611305652826413 (0.37 -0.028 0.0))
    (0.2621310655327664 (0.37 -0.028 0.0))
    (0.26313156578289143 (0.37 -0.028 0.0))
    (0.2641320660330165 (0.37 -0.028 0.0))
    (0.2651325662831415 (0.37 -0.028 0.0))
    (0.2661330665332666 (0.37 -0.028 0.0))
    (0.2671335667833917 (0.37 -0.028 0.0))
    (0.2681340670335167 (0.37 -0.028 0.0))
    (0.2691345672836418 (0.37 -0.028 0.0))
    (0.27013506753376687 (0.37 -0.028 0.0))
    (0.2711355677838919 (0.37 -0.028 0.0))
    (0.27213606803401696 (0.37 -0.028 0.0))
    (0.27313656828414207 (0.37 -0.028 0.0))
    (0.2741370685342671 (0.37 -0.028 0.0))
    (0.27513756878439216 (0.37 -0.028 0.0))
    (0.27613806903451726 (0.37 -0.028 0.0))
    (0.2771385692846423 (0.37 -0.028 0.0))
    (0.27813906953476736 (0.37 -0.028 0.0))
    (0.2791395697848924 (0.37 -0.028 0.0))
    (0.2801400700350175 (0.37 -0.028 0.0))
    (0.28114057028514255 (0.37 -0.028 0.0))
    (0.2821410705352676 (0.37 -0.028 0.0))
    (0.28314157078539265 (0.37 -0.028 0.0))
    (0.28414207103551775 (0.37 -0.028 0.0))
    (0.2851425712856428 (0.37 -0.028 0.0))
    (0.28614307153576785 (0.37 -0.028 0.0))
    (0.28714357178589295 (0.37 -0.028 0.0))
    (0.288144072036018 (0.37 -0.028 0.0))
    (0.28914457228614304 (0.37 -0.028 0.0))
    (0.2901450725362681 (0.37 -0.028 0.0))
    (0.2911455727863932 (0.37 -0.028 0.0))
    (0.29214607303651824 (0.37 -0.028 0.0))
    (0.2931465732866433 (0.37 -0.028 0.0))
    (0.2941470735367684 (0.37 -0.028 0.0))
    (0.29514757378689344 (0.37 -0.028 0.0))
    (0.2961480740370185 (0.37 -0.028 0.0))
    (0.29714857428714353 (0.37 -0.028 0.0))
    (0.29814907453726863 (0.37 -0.028 0.0))
    (0.2991495747873937 (0.37 -0.028 0.0))
    (0.3001500750375187 (0.37 -0.028 0.0))
    (0.3011505752876438 (0.37 -0.028 0.0))
    (0.3021510755377689 (0.37 -0.028 0.0))
    (0.3031515757878939 (0.37 -0.028 0.0))
    (0.30415207603801897 (0.37 -0.028 0.0))
    (0.3051525762881441 (0.37 -0.028 0.0))
    (0.3061530765382691 (0.37 -0.028 0.0))
    (0.30715357678839417 (0.37 -0.028 0.0))
    (0.3081540770385192 (0.37 -0.028 0.0))
    (0.3091545772886443 (0.37 -0.028 0.0))
    (0.31015507753876936 (0.37 -0.028 0.0))
    (0.3111555777888944 (0.37 -0.028 0.0))
    (0.3121560780390195 (0.37 -0.028 0.0))
    (0.31315657828914456 (0.37 -0.028 0.0))
    (0.3141570785392696 (0.37 -0.028 0.0))
    (0.31515757878939465 (0.37 -0.028 0.0))
    (0.31615807903951976 (0.37 -0.028 0.0))
    (0.3171585792896448 (0.37 -0.028 0.0))
    (0.31815907953976985 (0.37 -0.028 0.0))
    (0.3191595797898949 (0.37 -0.028 0.0))
    (0.32016008004002 (0.37 -0.028 0.0))
    (0.32116058029014505 (0.37 -0.028 0.0))
    (0.3221610805402701 (0.37 -0.028 0.0))
    (0.3231615807903952 (0.37 -0.028 0.0))
    (0.32416208104052024 (0.37 -0.028 0.0))
    (0.3251625812906453 (0.37 -0.028 0.0))
    (0.32616308154077034 (0.37 -0.028 0.0))
    (0.32716358179089544 (0.37 -0.028 0.0))
    (0.3281640820410205 (0.37 -0.028 0.0))
    (0.32916458229114554 (0.37 -0.028 0.0))
    (0.33016508254127064 (0.37 -0.028 0.0))
    (0.3311655827913957 (0.37 -0.028 0.0))
    (0.33216608304152073 (0.37 -0.028 0.0))
    (0.3331665832916458 (0.37 -0.028 0.0))
    (0.3341670835417709 (0.37 -0.028 0.0))
    (0.33516758379189593 (0.37 -0.028 0.0))
    (0.336168084042021 (0.37 -0.028 0.0))
    (0.337168584292146 (0.37 -0.028 0.0))
    (0.3381690845422711 (0.37 -0.028 0.0))
    (0.3391695847923962 (0.37 -0.028 0.0))
    (0.3401700850425212 (0.37 -0.028 0.0))
    (0.3411705852926463 (0.37 -0.028 0.0))
    (0.34217108554277137 (0.37 -0.028 0.0))
    (0.3431715857928964 (0.37 -0.028 0.0))
    (0.34417208604302146 (0.37 -0.028 0.0))
    (0.34517258629314657 (0.37 -0.028 0.0))
    (0.3461730865432716 (0.37 -0.028 0.0))
    (0.34717358679339666 (0.37 -0.028 0.0))
    (0.34817408704352176 (0.37 -0.028 0.0))
    (0.3491745872936468 (0.37 -0.028 0.0))
    (0.35017508754377186 (0.37 -0.028 0.0))
    (0.3511755877938969 (0.37 -0.028 0.0))
    (0.352176088044022 (0.37 -0.028 0.0))
    (0.35317658829414705 (0.37 -0.028 0.0))
    (0.3541770885442721 (0.37 -0.028 0.0))
    (0.35517758879439715 (0.37 -0.028 0.0))
    (0.35617808904452225 (0.37 -0.028 0.0))
    (0.3571785892946473 (0.37 -0.028 0.0))
    (0.35817908954477234 (0.37 -0.028 0.0))
    (0.35917958979489745 (0.37 -0.028 0.0))
    (0.3601800900450225 (0.37 -0.028 0.0))
    (0.36118059029514754 (0.37 -0.028 0.0))
    (0.3621810905452726 (0.37 -0.028 0.0))
    (0.3631815907953977 (0.37 -0.028 0.0))
    (0.36418209104552274 (0.37 -0.028 0.0))
    (0.3651825912956478 (0.37 -0.028 0.0))
    (0.3661830915457729 (0.37 -0.028 0.0))
    (0.36718359179589793 (0.37 -0.028 0.0))
    (0.368184092046023 (0.37 -0.028 0.0))
    (0.36918459229614803 (0.37 -0.028 0.0))
    (0.37018509254627313 (0.37 -0.028 0.0))
    (0.3711855927963982 (0.37 -0.028 0.0))
    (0.3721860930465232 (0.37 -0.028 0.0))
    (0.3731865932966483 (0.37 -0.028 0.0))
    (0.3741870935467734 (0.37 -0.028 0.0))
    (0.3751875937968984 (0.37 -0.028 0.0))
    (0.37618809404702347 (0.37 -0.028 0.0))
    (0.37718859429714857 (0.37 -0.028 0.0))
    (0.3781890945472736 (0.37 -0.028 0.0))
    (0.37918959479739867 (0.37 -0.028 0.0))
    (0.3801900950475237 (0.37 -0.028 0.0))
    (0.3811905952976488 (0.37 -0.028 0.0))
    (0.38219109554777386 (0.37 -0.028 0.0))
    (0.3831915957978989 (0.37 -0.028 0.0))
    (0.38419209604802396 (0.37 -0.028 0.0))
    (0.38519259629814906 (0.37 -0.028 0.0))
    (0.3861930965482741 (0.37 -0.028 0.0))
    (0.38719359679839915 (0.37 -0.028 0.0))
    (0.38819409704852426 (0.37 -0.028 0.0))
    (0.3891945972986493 (0.37 -0.028 0.0))
    (0.39019509754877435 (0.37 -0.028 0.0))
    (0.3911955977988994 (0.37 -0.028 0.0))
    (0.3921960980490245 (0.37 -0.028 0.0))
    (0.39319659829914955 (0.37 -0.028 0.0))
    (0.3941970985492746 (0.37 -0.028 0.0))
    (0.3951975987993997 (0.37 -0.028 0.0))
    (0.39619809904952474 (0.37 -0.028 0.0))
    (0.3971985992996498 (0.37 -0.028 0.0))
    (0.39819909954977484 (0.37 -0.028 0.0))
    (0.39919959979989994 (0.37 -0.028 0.0))
    (0.400200100050025 (0.37 -0.028 0.0))
    (0.40120060030015003 (0.37 -0.028 0.0))
    (0.4022011005502751 (0.37 -0.028 0.0))
    (0.4032016008004002 (0.37 -0.028 0.0))
    (0.40420210105052523 (0.37 -0.028 0.0))
    (0.4052026013006503 (0.37 -0.028 0.0))
    (0.4062031015507754 (0.37 -0.028 0.0))
    (0.4072036018009004 (0.37 -0.028 0.0))
    (0.4082041020510255 (0.37 -0.028 0.0))
    (0.4092046023011505 (0.37 -0.028 0.0))
    (0.4102051025512756 (0.37 -0.028 0.0))
    (0.41120560280140067 (0.37 -0.028 0.0))
    (0.4122061030515257 (0.37 -0.028 0.0))
    (0.4132066033016508 (0.37 -0.028 0.0))
    (0.41420710355177587 (0.37 -0.028 0.0))
    (0.4152076038019009 (0.37 -0.028 0.0))
    (0.41620810405202596 (0.37 -0.028 0.0))
    (0.41720860430215106 (0.37 -0.028 0.0))
    (0.4182091045522761 (0.37 -0.028 0.0))
    (0.41920960480240116 (0.37 -0.028 0.0))
    (0.4202101050525262 (0.37 -0.028 0.0))
    (0.4212106053026513 (0.37 -0.028 0.0))
    (0.42221110555277636 (0.37 -0.028 0.0))
    (0.4232116058029014 (0.37 -0.028 0.0))
    (0.4242121060530265 (0.37 -0.028 0.0))
    (0.42521260630315155 (0.37 -0.028 0.0))
    (0.4262131065532766 (0.37 -0.028 0.0))
    (0.42721360680340165 (0.37 -0.028 0.0))
    (0.42821410705352675 (0.37 -0.028 0.0))
    (0.4292146073036518 (0.37 -0.028 0.0))
    (0.43021510755377684 (0.37 -0.028 0.0))
    (0.43121560780390195 (0.37 -0.028 0.0))
    (0.432216108054027 (0.37 -0.028 0.0))
    (0.43321660830415204 (0.37 -0.028 0.0))
    (0.4342171085542771 (0.37 -0.028 0.0))
    (0.4352176088044022 (0.37 -0.028 0.0))
    (0.43621810905452724 (0.37 -0.028 0.0))
    (0.4372186093046523 (0.37 -0.028 0.0))
    (0.43821910955477733 (0.37 -0.028 0.0))
    (0.43921960980490243 (0.37 -0.028 0.0))
    (0.4402201100550275 (0.37 -0.028 0.0))
    (0.4412206103051525 (0.37 -0.028 0.0))
    (0.44222111055527763 (0.37 -0.028 0.0))
    (0.4432216108054027 (0.37 -0.028 0.0))
    (0.4442221110555277 (0.37 -0.028 0.0))
    (0.44522261130565277 (0.37 -0.028 0.0))
    (0.4462231115557779 (0.37 -0.028 0.0))
    (0.4472236118059029 (0.37 -0.028 0.0))
    (0.44822411205602797 (0.37 -0.028 0.0))
    (0.44922461230615307 (0.37 -0.028 0.0))
    (0.4502251125562781 (0.37 -0.028 0.0))
    (0.45122561280640316 (0.37 -0.028 0.0))
    (0.4522261130565282 (0.37 -0.028 0.0))
    (0.4532266133066533 (0.37 -0.028 0.0))
    (0.45422711355677836 (0.37 -0.028 0.0))
    (0.4552276138069034 (0.37 -0.028 0.0))
    (0.45622811405702846 (0.37 -0.028 0.0))
    (0.45722861430715356 (0.37 -0.028 0.0))
    (0.4582291145572786 (0.37 -0.028 0.0))
    (0.45922961480740365 (0.37 -0.028 0.0))
    (0.46023011505752875 (0.37 -0.028 0.0))
    (0.4612306153076538 (0.37 -0.028 0.0))
    (0.46223111555777885 (0.37 -0.028 0.0))
    (0.4632316158079039 (0.37 -0.028 0.0))
    (0.464232116058029 (0.37 -0.028 0.0))
    (0.46523261630815405 (0.37 -0.028 0.0))
    (0.4662331165582791 (0.37 -0.028 0.0))
    (0.4672336168084042 (0.37 -0.028 0.0))
    (0.46823411705852924 (0.37 -0.028 0.0))
    (0.4692346173086543 (0.37 -0.028 0.0))
    (0.47023511755877934 (0.37 -0.028 0.0))
    (0.47123561780890444 (0.37 -0.028 0.0))
    (0.4722361180590295 (0.37 -0.028 0.0))
    (0.47323661830915453 (0.37 -0.028 0.0))
    (0.4742371185592796 (0.37 -0.028 0.0))
    (0.4752376188094047 (0.37 -0.028 0.0))
    (0.47623811905952973 (0.37 -0.028 0.0))
    (0.4772386193096548 (0.37 -0.028 0.0))
    (0.4782391195597799 (0.37 -0.028 0.0))
    (0.4792396198099049 (0.37 -0.028 0.0))
    (0.48024012006003 (0.37 -0.028 0.0))
    (0.481240620310155 (0.37 -0.028 0.0))
    (0.4822411205602801 (0.37 -0.028 0.0))
    (0.48324162081040517 (0.37 -0.028 0.0))
    (0.4842421210605302 (0.37 -0.028 0.0))
    (0.4852426213106553 (0.37 -0.028 0.0))
    (0.48624312156078037 (0.37 -0.028 0.0))
    (0.4872436218109054 (0.37 -0.028 0.0))
    (0.48824412206103046 (0.37 -0.028 0.0))
    (0.48924462231115556 (0.37 -0.028 0.0))
    (0.4902451225612806 (0.37 -0.028 0.0))
    (0.49124562281140566 (0.37 -0.028 0.0))
    (0.4922461230615307 (0.37 -0.028 0.0))
    (0.4932466233116558 (0.37 -0.028 0.0))
    (0.49424712356178085 (0.37 -0.028 0.0))
    (0.4952476238119059 (0.37 -0.028 0.0))
    (0.496248124062031 (0.37 -0.028 0.0))
    (0.49724862431215605 (0.37 -0.028 0.0))
    (0.4982491245622811 (0.37 -0.028 0.0))
    (0.49924962481240615 (0.37 -0.028 0.0))
    (0.5002501250625312 (0.37 -0.028 0.0))
    (0.5012506253126563 (0.37 -0.028 0.0))
    (0.5022511255627814 (0.37 -0.028 0.0))
    (0.5032516258129064 (0.37 -0.028 0.0))
    (0.5042521260630315 (0.37 -0.028 0.0))
    (0.5052526263131566 (0.37 -0.028 0.0))
    (0.5062531265632816 (0.37 -0.028 0.0))
    (0.5072536268134067 (0.37 -0.028 0.0))
    (0.5082541270635317 (0.37 -0.028 0.0))
    (0.5092546273136568 (0.37 -0.028 0.0))
    (0.5102551275637819 (0.37 -0.028 0.0))
    (0.5112556278139069 (0.37 -0.028 0.0))
    (0.512256128064032 (0.37 -0.028 0.0))
    (0.5132566283141571 (0.37 -0.028 0.0))
    (0.5142571285642821 (0.37 -0.028 0.0))
    (0.5152576288144072 (0.37 -0.028 0.0))
    (0.5162581290645323 (0.37 -0.028 0.0))
    (0.5172586293146573 (0.37 -0.028 0.0))
    (0.5182591295647824 (0.37 -0.028 0.0))
    (0.5192596298149074 (0.37 -0.028 0.0))
    (0.5202601300650325 (0.37 -0.028 0.0))
    (0.5212606303151576 (0.37 -0.028 0.0))
    (0.5222611305652826 (0.37 -0.028 0.0))
    (0.5232616308154077 (0.37 -0.028 0.0))
    (0.5242621310655328 (0.37 -0.028 0.0))
    (0.5252626313156578 (0.37 -0.028 0.0))
    (0.5262631315657829 (0.37 -0.028 0.0))
    (0.527263631815908 (0.37 -0.028 0.0))
    (0.528264132066033 (0.37 -0.028 0.0))
    (0.5292646323161581 (0.37 -0.028145182977686596 0.0))
    (0.530265132566283 (0.37 -0.028354709936998818 0.0))
    (0.5312656328164082 (0.37 -0.02856419795944247 0.0))
    (0.5322661330665333 (0.37 -0.028773624049305408 0.0))
    (0.5332666333166582 (0.37 -0.028982965217673875 0.0))
    (0.5342671335667833 (0.37 -0.029192198484956113 0.0))
    (0.5352676338169085 (0.37 -0.0294013008834047 0.0))
    (0.5362681340670334 (0.37 -0.029610249459637816 0.0))
    (0.5372686343171585 (0.37 -0.029819021277158936 0.0))
    (0.5382691345672836 (0.37 -0.030027593418874447 0.0))
    (0.5392696348174086 (0.37 -0.030235942989609348 0.0))
    (0.5402701350675337 (0.37 -0.030444047118620556 0.0))
    (0.5412706353176588 (0.37 -0.0306518829621073 0.0))
    (0.5422711355677838 (0.37 -0.030859427705718777 0.0))
    (0.5432716358179089 (0.37 -0.031066658567058588 0.0))
    (0.5442721360680339 (0.37 -0.03127355279818542 0.0))
    (0.545272636318159 (0.37 -0.03148008768811028 0.0))
    (0.5462731365682841 (0.37 -0.03168624056528937 0.0))
    (0.5472736368184091 (0.37 -0.03189198880011279 0.0))
    (0.5482741370685342 (0.37 -0.032097309807388744 0.0))
    (0.5492746373186593 (0.37 -0.03230218104882254 0.0))
    (0.5502751375687843 (0.37 -0.03250658003549074 0.0))
    (0.5512756378189094 (0.37 -0.03271048433030989 0.0))
    (0.5522761380690345 (0.37 -0.03291387155049924 0.0))
    (0.5532766383191595 (0.37 -0.033116719370037885 0.0))
    (0.5542771385692846 (0.37 -0.03331900552211553 0.0))
    (0.5552776388194096 (0.37 -0.033520707801576594 0.0))
    (0.5562781390695347 (0.37 -0.03372180406735787 0.0))
    (0.5572786393196598 (0.37 -0.03392227224491883 0.0))
    (0.5582791395697848 (0.37 -0.034122090328664825 0.0))
    (0.5592796398199099 (0.37 -0.03432123638436271 0.0))
    (0.560280140070035 (0.37 -0.034519688551548494 0.0))
    (0.56128064032016 (0.37 -0.034717425045927015 0.0))
    (0.5622811405702851 (0.37 -0.03491442416176331 0.0))
    (0.5632816408204102 (0.37 -0.035110664274265145 0.0))
    (0.5642821410705352 (0.37 -0.03530612384195683 0.0))
    (0.5652826413206603 (0.37 -0.03550078140904397 0.0))
    (0.5662831415707853 (0.37 -0.03569461560776845 0.0))
    (0.5672836418209104 (0.37 -0.035887605160754274 0.0))
    (0.5682841420710355 (0.37 -0.03607972888334295 0.0))
    (0.5692846423211605 (0.37 -0.03627096568591911 0.0))
    (0.5702851425712856 (0.37 -0.03646129457622552 0.0))
    (0.5712856428214107 (0.37 -0.036650694661667337 0.0))
    (0.5722861430715357 (0.37 -0.03683914515160559 0.0))
    (0.5732866433216608 (0.37 -0.03702662535963941 0.0))
    (0.5742871435717859 (0.37 -0.037213114705876696 0.0))
    (0.5752876438219109 (0.37 -0.03739859271919324 0.0))
    (0.576288144072036 (0.37 -0.03758303903947996 0.0))
    (0.5772886443221611 (0.37 -0.03776643341987767 0.0))
    (0.5782891445722861 (0.37 -0.03794875572899971 0.0))
    (0.5792896448224112 (0.37 -0.03812998595314181 0.0))
    (0.5802901450725362 (0.37 -0.03831010419847891 0.0))
    (0.5812906453226613 (0.37 -0.03848909069324907 0.0))
    (0.5822911455727864 (0.37 -0.03866692578992368 0.0))
    (0.5832916458229114 (0.37 -0.03884358996736427 0.0))
    (0.5842921460730365 (0.37 -0.03901906383296541 0.0))
    (0.5852926463231616 (0.37 -0.03919332812478338 0.0))
    (0.5862931465732866 (0.37 -0.03936636371365054 0.0))
    (0.5872936468234117 (0.37 -0.03953815160527533 0.0))
    (0.5882941470735368 (0.37 -0.03970867294232709 0.0))
    (0.5892946473236618 (0.37 -0.03987790900650614 0.0))
    (0.5902951475737869 (0.37 -0.040045841220598566 0.0))
    (0.5912956478239119 (0.37 -0.04021245115051531 0.0))
    (0.592296148074037 (0.37 -0.04037772050731589 0.0))
    (0.5932966483241621 (0.37 -0.040541631149215794 0.0))
    (0.5942971485742871 (0.37 -0.04070416508357805 0.0))
    (0.5952976488244122 (0.37 -0.04086530446888831 0.0))
    (0.5962981490745373 (0.37 -0.041025031616713226 0.0))
    (0.5972986493246623 (0.37 -0.0411833289936422 0.0))
    (0.5982991495747874 (0.37 -0.04134017922321207 0.0))
    (0.5992996498249125 (0.37 -0.04149556508781446 0.0))
    (0.6003001500750375 (0.37 -0.04164946953058582 0.0))
    (0.6013006503251626 (0.37 -0.04180187565727982 0.0))
    (0.6023011505752875 (0.37 -0.04195276673812173 0.0))
    (0.6033016508254126 (0.37 -0.04210212620964501 0.0))
    (0.6043021510755378 (0.37 -0.04224993767650937 0.0))
    (0.6053026513256627 (0.37 -0.04239618491330056 0.0))
    (0.6063031515757878 (0.37 -0.042540851866311485 0.0))
    (0.607303651825913 (0.37 -0.04268392265530437 0.0))
    (0.6083041520760379 (0.37 -0.04282538157525397 0.0))
    (0.609304652326163 (0.37 -0.04296521309807158 0.0))
    (0.6103051525762881 (0.37 -0.04310340187430948 0.0))
    (0.6113056528264131 (0.37 -0.0432399327348459 0.0))
    (0.6123061530765382 (0.37 -0.0433747906925502 0.0))
    (0.6133066533266633 (0.37 -0.04350796094392794 0.0))
    (0.6143071535767883 (0.37 -0.04363942887074591 0.0))
    (0.6153076538269134 (0.37 -0.04376918004163681 0.0))
    (0.6163081540770384 (0.37 -0.043897200213683346 0.0))
    (0.6173086543271635 (0.37 -0.044023475333981765 0.0))
    (0.6183091545772886 (0.37 -0.04414799154118436 0.0))
    (0.6193096548274136 (0.37 -0.04427073516702109 0.0))
    (0.6203101550775387 (0.37 -0.04439169273780003 0.0))
    (0.6213106553276638 (0.37 -0.044510850975886265 0.0))
    (0.6223111555777888 (0.37 -0.044628196801159446 0.0))
    (0.6233116558279139 (0.37 -0.04474371733244967 0.0))
    (0.624312156078039 (0.37 -0.044857399888951335 0.0))
    (0.625312656328164 (0.37 -0.04496923199161522 0.0))
    (0.6263131565782891 (0.37 -0.04507920136451832 0.0))
    (0.6273136568284141 (0.37 -0.04518729593621129 0.0))
    (0.6283141570785392 (0.37 -0.04529350384104369 0.0))
    (0.6293146573286643 (0.37 -0.045397813420466365 0.0))
    (0.6303151575787893 (0.37 -0.04550021322431125 0.0))
    (0.6313156578289144 (0.37 -0.04560069201204832 0.0))
    (0.6323161580790395 (0.37 -0.04569923875401939 0.0))
    (0.6333166583291645 (0.37 -0.04579584263264891 0.0))
    (0.6343171585792896 (0.37 -0.045890493043631415 0.0))
    (0.6353176588294147 (0.37 -0.04598317959709554 0.0))
    (0.6363181590795397 (0.37 -0.04607389211874455 0.0))
    (0.6373186593296648 (0.37 -0.04616262065097321 0.0))
    (0.6383191595797898 (0.37 -0.046249355453960736 0.0))
    (0.6393196598299149 (0.37 -0.046334087006740125 0.0))
    (0.64032016008004 (0.37 -0.046416806008243085 0.0))
    (0.641320660330165 (0.37 -0.04649750337832115 0.0))
    (0.6423211605802901 (0.37 -0.04657617025874238 0.0))
    (0.6433216608304152 (0.37 -0.04665279801416375 0.0))
    (0.6443221610805402 (0.37 -0.04672737823307901 0.0))
    (0.6453226613306653 (0.37 -0.04679990272874211 0.0))
    (0.6463231615807904 (0.37 -0.046870363540065796 0.0))
    (0.6473236618309154 (0.37 -0.04693875293249551 0.0))
    (0.6483241620810405 (0.37 -0.04700506339885851 0.0))
    (0.6493246623311655 (0.37 -0.047069287660187795 0.0))
    (0.6503251625812906 (0.37 -0.047131418666521235 0.0))
    (0.6513256628314157 (0.37 -0.04719144959767544 0.0))
    (0.6523261630815407 (0.37 -0.047249373863994346 0.0))
    (0.6533266633316658 (0.37 -0.04730518510707267 0.0))
    (0.6543271635817909 (0.37 -0.047358877200453786 0.0))
    (0.6553276638319159 (0.37 -0.04741044425030229 0.0))
    (0.656328164082041 (0.37 -0.04745988059605098 0.0))
    (0.6573286643321661 (0.37 -0.047507180811022155 0.0))
    (0.6583291645822911 (0.37 -0.047552339703023375 0.0))
    (0.6593296648324162 (0.37 -0.0475953523149174 0.0))
    (0.6603301650825413 (0.37 -0.047636213925166294 0.0))
    (0.6613306653326663 (0.37 -0.04767492004834978 0.0))
    (0.6623311655827914 (0.37 -0.047711466435657546 0.0))
    (0.6633316658329164 (0.37 -0.04774584907535571 0.0))
    (0.6643321660830415 (0.37 -0.047778064193227124 0.0))
    (0.6653326663331666 (0.37 -0.04780810825298571 0.0))
    (0.6663331665832916 (0.37 -0.04783597795666464 0.0))
    (0.6673336668334167 (0.37 -0.04786167024497835 0.0))
    (0.6683341670835418 (0.37 -0.04788518229765836 0.0))
    (0.6693346673336668 (0.37 -0.047906511533762866 0.0))
    (0.6703351675837919 (0.37 -0.04792565561196005 0.0))
    (0.671335667833917 (0.37 -0.047942612430785084 0.0))
    (0.672336168084042 (0.37 -0.0479573801288708 0.0))
    (0.673336668334167 (0.37 -0.047969957085152046 0.0))
    (0.674337168584292 (0.37 -0.047980341919043615 0.0))
    (0.6753376688344171 (0.37 -0.04798853349059179 0.0))
    (0.6763381690845423 (0.37 -0.047994530900599464 0.0))
    (0.6773386693346672 (0.37 -0.047998333490724875 0.0))
    (0.6783391695847923 (0.37 -0.047999940843553864 0.0))
    (0.6793396698349174 (0.37 -0.047999352782645686 0.0))
    (0.6803401700850424 (0.37 -0.04799656937255238 0.0))
    (0.6813406703351675 (0.37 -0.04799159091881168 0.0))
    (0.6823411705852926 (0.37 -0.0479844179679135 0.0))
    (0.6833416708354176 (0.37 -0.04797505130723992 0.0))
    (0.6843421710855427 (0.37 -0.04796349196497873 0.0))
    (0.6853426713356677 (0.37 -0.04794974121001065 0.0))
    (0.6863431715857928 (0.37 -0.04793380055176996 0.0))
    (0.6873436718359179 (0.37 -0.047915671740078825 0.0))
    (0.6883441720860429 (0.37 -0.04789535676495525 0.0))
    (0.689344672336168 (0.37 -0.04787285785639461 0.0))
    (0.6903451725862931 (0.37 -0.04784817748412485 0.0))
    (0.6913456728364181 (0.37 -0.0478213183573354 0.0))
    (0.6923461730865432 (0.37 -0.04779228342437977 0.0))
    (0.6933466733366683 (0.37 -0.04776107587245193 0.0))
    (0.6943471735867933 (0.37 -0.04772769912723643 0.0))
    (0.6953476738369184 (0.37 -0.047692156852532336 0.0))
    (0.6963481740870435 (0.37 -0.0476544529498511 0.0))
    (0.6973486743371685 (0.37 -0.047614591557988264 0.0))
    (0.6983491745872936 (0.37 -0.047572577052569134 0.0))
    (0.6993496748374186 (0.37 -0.047528414045568464 0.0))
    (0.7003501750875437 (0.37 -0.04748210738480421 0.0))
    (0.7013506753376688 (0.37 -0.04743366215340536 0.0))
    (0.7023511755877938 (0.37 -0.04738308366925398 0.0))
    (0.7033516758379189 (0.37 -0.04733037748440142 0.0))
    (0.704352176088044 (0.37 -0.04727554938445892 0.0))
    (0.705352676338169 (0.37 -0.04721860538796247 0.0))
    (0.7063531765882941 (0.37 -0.04715955174571217 0.0))
    (0.7073536768384192 (0.37 -0.04709839494008604 0.0))
    (0.7083541770885442 (0.37 -0.047035141684328534 0.0))
    (0.7093546773386693 (0.37 -0.046969798921813494 0.0))
    (0.7103551775887943 (0.37 -0.04690237382528206 0.0))
    (0.7113556778389194 (0.37 -0.046832873796055295 0.0))
    (0.7123561780890445 (0.37 -0.04676130646322169 0.0))
    (0.7133566783391695 (0.37 -0.0466876796827998 0.0))
    (0.7143571785892946 (0.37 -0.04661200153687574 0.0))
    (0.7153576788394197 (0.37 -0.04653428033271616 0.0))
    (0.7163581790895447 (0.37 -0.04645452460185628 0.0))
    (0.7173586793396698 (0.37 -0.04637274309916332 0.0))
    (0.7183591795897949 (0.37 -0.046288944801875564 0.0))
    (0.7193596798399199 (0.37 -0.046203138908616895 0.0))
    (0.720360180090045 (0.37 -0.046115334838386986 0.0))
    (0.72136068034017 (0.37 -0.04602554222952746 0.0))
    (0.7223611805902951 (0.37 -0.045933770938663805 0.0))
    (0.7233616808404202 (0.37 -0.04584003103962345 0.0))
    (0.7243621810905452 (0.37 -0.04574433282232995 0.0))
    (0.7253626813406703 (0.37 -0.04564668679167341 0.0))
    (0.7263631815907954 (0.37 -0.04554710366635739 0.0))
    (0.7273636818409204 (0.37 -0.0454455943777223 0.0))
    (0.7283641820910455 (0.37 -0.04534217006854541 0.0))
    (0.7293646823411706 (0.37 -0.04523684209181776 0.0))
    (0.7303651825912956 (0.37 -0.045129622009497924 0.0))
    (0.7313656828414207 (0.37 -0.04502052159124277 0.0))
    (0.7323661830915458 (0.37 -0.04490955281311558 0.0))
    (0.7333666833416708 (0.37 -0.04479672785627138 0.0))
    (0.7343671835917959 (0.37 -0.0446820591056198 0.0))
    (0.7353676838419209 (0.37 -0.04456555914846562 0.0))
    (0.736368184092046 (0.37 -0.04444724077312694 0.0))
    (0.7373686843421711 (0.37 -0.044327116967531534 0.0))
    (0.7383691845922961 (0.37 -0.04420520091779105 0.0))
    (0.7393696848424212 (0.37 -0.04408150600675357 0.0))
    (0.7403701850925463 (0.37 -0.04395604581253462 0.0))
    (0.7413706853426713 (0.37 -0.04382883410702663 0.0))
    (0.7423711855927964 (0.37 -0.04369988485438718 0.0))
    (0.7433716858429215 (0.37 -0.04356921220950617 0.0))
    (0.7443721860930465 (0.37 -0.04343683051645204 0.0))
    (0.7453726863431716 (0.37 -0.043302754306897104 0.0))
    (0.7463731865932965 (0.37 -0.04316699829852254 0.0))
    (0.7473736868434216 (0.37 -0.04302957739340268 0.0))
    (0.7483741870935467 (0.37 -0.0428905066763693 0.0))
    (0.7493746873436717 (0.37 -0.042749801413355715 0.0))
    (0.7503751875937968 (0.37 -0.04260747704972093 0.0))
    (0.751375687843922 (0.37 -0.042463549208554316 0.0))
    (0.7523761880940469 (0.37 -0.042318033688960616 0.0))
    (0.753376688344172 (0.37 -0.04217094646432558 0.0))
    (0.7543771885942971 (0.37 -0.04202230368056265 0.0))
    (0.7553776888444221 (0.37 -0.04187212165434057 0.0))
    (0.7563781890945472 (0.37 -0.04172041687129226 0.0))
    (0.7573786893446722 (0.37 -0.04156720598420523 0.0))
    (0.7583791895947973 (0.37 -0.041412505811193503 0.0))
    (0.7593796898449224 (0.37 -0.04125633333385157 0.0))
    (0.7603801900950474 (0.37 -0.04109870569539027 0.0))
    (0.7613806903451725 (0.37 -0.04093964019875488 0.0))
    (0.7623811905952976 (0.37 -0.04077915430472589 0.0))
    (0.7633816908454226 (0.37 -0.04061726563000223 0.0))
    (0.7643821910955477 (0.37 -0.04045399194526747 0.0))
    (0.7653826913456728 (0.37 -0.04028935117323914 0.0))
    (0.7663831915957978 (0.37 -0.04012336138670136 0.0))
    (0.7673836918459229 (0.37 -0.03995604080652085 0.0))
    (0.7683841920960479 (0.37 -0.039787407799647 0.0))
    (0.769384692346173 (0.37 -0.039617480877095504 0.0))
    (0.7703851925962981 (0.37 -0.03944627869191657 0.0))
    (0.7713856928464231 (0.37 -0.039273820037147245 0.0))
    (0.7723861930965482 (0.37 -0.039100123843748495 0.0))
    (0.7733866933466733 (0.37 -0.038925209178527174 0.0))
    (0.7743871935967983 (0.37 -0.03874909524204305 0.0))
    (0.7753876938469234 (0.37 -0.03857180136650103 0.0))
    (0.7763881940970485 (0.37 -0.03839334701362918 0.0))
    (0.7773886943471735 (0.37 -0.03821375177254237 0.0))
    (0.7783891945972986 (0.37 -0.038033035357591824 0.0))
    (0.7793896948474237 (0.37 -0.03785121760620125 0.0))
    (0.7803901950975487 (0.37 -0.037668318476689146 0.0))
    (0.7813906953476738 (0.37 -0.03748435804607793 0.0))
    (0.7823911955977988 (0.37 -0.037299356507890194 0.0))
    (0.7833916958479239 (0.37 -0.03711333416993187 0.0))
    (0.784392196098049 (0.37 -0.03692631145206321 0.0))
    (0.785392696348174 (0.37 -0.03673830888395713 0.0))
    (0.7863931965982991 (0.37 -0.03654934710284568 0.0))
    (0.7873936968484242 (0.37 -0.03635944685125473 0.0))
    (0.7883941970985492 (0.37 -0.036168628974727016 0.0))
    (0.7893946973486743 (0.37 -0.03597691441953381 0.0))
    (0.7903951975987994 (0.37 -0.03578432423037579 0.0))
    (0.7913956978489244 (0.37 -0.03559087954807286 0.0))
    (0.7923961980990495 (0.37 -0.03539660160724342 0.0))
    (0.7933966983491745 (0.37 -0.0352015117339736 0.0))
    (0.7943971985992996 (0.37 -0.0350056313434761 0.0))
    (0.7953976988494247 (0.37 -0.034808981937739535 0.0))
    (0.7963981990995497 (0.37 -0.03461158510316813 0.0))
    (0.7973986993496748 (0.37 -0.03441346250821202 0.0))
    (0.7983991995997999 (0.37 -0.0342146359009889 0.0))
    (0.7993996998499249 (0.37 -0.034015127106896595 0.0))
    (0.80040020010005 (0.37 -0.03381495802621719 0.0))
    (0.8014007003501751 (0.37 -0.03361415063171317 0.0))
    (0.8024012006003001 (0.37 -0.03341272696621538 0.0))
    (0.8034017008504252 (0.37 -0.03321070914020329 0.0))
    (0.8044022011005502 (0.37 -0.03300811932937806 0.0))
    (0.8054027013506753 (0.37 -0.0328049797722281 0.0))
    (0.8064032016008004 (0.37 -0.0326013127675881 0.0))
    (0.8074037018509254 (0.37 -0.032397140672191196 0.0))
    (0.8084042021010505 (0.37 -0.03219248589821481 0.0))
    (0.8094047023511756 (0.37 -0.03198737091082049 0.0))
    (0.8104052026013006 (0.37 -0.03178181822568793 0.0))
    (0.8114057028514257 (0.37 -0.031575850406543246 0.0))
    (0.8124062031015508 (0.37 -0.03136949006268231 0.0))
    (0.8134067033516758 (0.37 -0.03116275984648884 0.0))
    (0.8144072036018009 (0.37 -0.030955682450947732 0.0))
    (0.815407703851926 (0.37 -0.03074828060715419 0.0))
    (0.816408204102051 (0.37 -0.030540577081818416 0.0))
    (0.817408704352176 (0.37 -0.030332594674766452 0.0))
    (0.818409204602301 (0.37 -0.030124356216437553 0.0))
    (0.8194097048524261 (0.37 -0.02991588456537787 0.0))
    (0.8204102051025512 (0.37 -0.029707202605731453 0.0))
    (0.8214107053526762 (0.37 -0.02949833324472812 0.0))
    (0.8224112056028013 (0.37 -0.029289299410168862 0.0))
    (0.8234117058529264 (0.37 -0.029080124047909172 0.0))
    (0.8244122061030514 (0.37 -0.02887083011934017 0.0))
    (0.8254127063531765 (0.37 -0.028661440598868066 0.0))
    (0.8264132066033016 (0.37 -0.02845197847139235 0.0))
    (0.8274137068534266 (0.37 -0.028242466729782666 0.0))
    (0.8284142071035517 (0.37 -0.028032928372354757 0.0))
    (0.8294147073536767 (0.37 -0.028 0.0))
    (0.8304152076038018 (0.37 -0.028 0.0))
    (0.8314157078539269 (0.37 -0.028 0.0))
    (0.8324162081040519 (0.37 -0.028 0.0))
    (0.833416708354177 (0.37 -0.028 0.0))
    (0.8344172086043021 (0.37 -0.028 0.0))
    (0.8354177088544271 (0.37 -0.028 0.0))
    (0.8364182091045522 (0.37 -0.028 0.0))
    (0.8374187093546773 (0.37 -0.028 0.0))
    (0.8384192096048023 (0.37 -0.028 0.0))
    (0.8394197098549274 (0.37 -0.028 0.0))
    (0.8404202101050524 (0.37 -0.028 0.0))
    (0.8414207103551775 (0.37 -0.028 0.0))
    (0.8424212106053026 (0.37 -0.028 0.0))
    (0.8434217108554276 (0.37 -0.028 0.0))
    (0.8444222111055527 (0.37 -0.028 0.0))
    (0.8454227113556778 (0.37 -0.028 0.0))
    (0.8464232116058028 (0.37 -0.028 0.0))
    (0.8474237118559279 (0.37 -0.028 0.0))
    (0.848424212106053 (0.37 -0.028 0.0))
    (0.849424712356178 (0.37 -0.028 0.0))
    (0.8504252126063031 (0.37 -0.028 0.0))
    (0.8514257128564282 (0.37 -0.028 0.0))
    (0.8524262131065532 (0.37 -0.028 0.0))
    (0.8534267133566783 (0.37 -0.028 0.0))
    (0.8544272136068033 (0.37 -0.028 0.0))
    (0.8554277138569284 (0.37 -0.028 0.0))
    (0.8564282141070535 (0.37 -0.028 0.0))
    (0.8574287143571785 (0.37 -0.028 0.0))
    (0.8584292146073036 (0.37 -0.028 0.0))
    (0.8594297148574287 (0.37 -0.028 0.0))
    (0.8604302151075537 (0.37 -0.028 0.0))
    (0.8614307153576788 (0.37 -0.028 0.0))
    (0.8624312156078039 (0.37 -0.028 0.0))
    (0.8634317158579289 (0.37 -0.028 0.0))
    (0.864432216108054 (0.37 -0.028 0.0))
    (0.865432716358179 (0.37 -0.028 0.0))
    (0.8664332166083041 (0.37 -0.028 0.0))
    (0.8674337168584292 (0.37 -0.028 0.0))
    (0.8684342171085542 (0.37 -0.028 0.0))
    (0.8694347173586793 (0.37 -0.028 0.0))
    (0.8704352176088044 (0.37 -0.028 0.0))
    (0.8714357178589294 (0.37 -0.028 0.0))
    (0.8724362181090545 (0.37 -0.028 0.0))
    (0.8734367183591796 (0.37 -0.028 0.0))
    (0.8744372186093046 (0.37 -0.028 0.0))
    (0.8754377188594297 (0.37 -0.028 0.0))
    (0.8764382191095547 (0.37 -0.028 0.0))
    (0.8774387193596798 (0.37 -0.028 0.0))
    (0.8784392196098049 (0.37 -0.028 0.0))
    (0.8794397198599299 (0.37 -0.028 0.0))
    (0.880440220110055 (0.37 -0.028 0.0))
    (0.8814407203601801 (0.37 -0.028 0.0))
    (0.882441220610305 (0.37 -0.028 0.0))
    (0.8834417208604302 (0.37 -0.028 0.0))
    (0.8844422211105553 (0.37 -0.028 0.0))
    (0.8854427213606803 (0.37 -0.028 0.0))
    (0.8864432216108054 (0.37 -0.028 0.0))
    (0.8874437218609305 (0.37 -0.028 0.0))
    (0.8884442221110554 (0.37 -0.028 0.0))
    (0.8894447223611806 (0.37 -0.028 0.0))
    (0.8904452226113055 (0.37 -0.028 0.0))
    (0.8914457228614306 (0.37 -0.028 0.0))
    (0.8924462231115557 (0.37 -0.028 0.0))
    (0.8934467233616807 (0.37 -0.028 0.0))
    (0.8944472236118058 (0.37 -0.028 0.0))
    (0.8954477238619309 (0.37 -0.028 0.0))
    (0.8964482241120559 (0.37 -0.028 0.0))
    (0.897448724362181 (0.37 -0.028 0.0))
    (0.8984492246123061 (0.37 -0.028 0.0))
    (0.8994497248624311 (0.37 -0.028 0.0))
    (0.9004502251125562 (0.37 -0.028 0.0))
    (0.9014507253626812 (0.37 -0.028 0.0))
    (0.9024512256128063 (0.37 -0.028 0.0))
    (0.9034517258629314 (0.37 -0.028 0.0))
    (0.9044522261130564 (0.37 -0.028 0.0))
    (0.9054527263631815 (0.37 -0.028 0.0))
    (0.9064532266133066 (0.37 -0.028 0.0))
    (0.9074537268634316 (0.37 -0.028 0.0))
    (0.9084542271135567 (0.37 -0.028 0.0))
    (0.9094547273636818 (0.37 -0.028 0.0))
    (0.9104552276138068 (0.37 -0.028 0.0))
    (0.9114557278639319 (0.37 -0.028 0.0))
    (0.9124562281140569 (0.37 -0.028 0.0))
    (0.913456728364182 (0.37 -0.028 0.0))
    (0.9144572286143071 (0.37 -0.028 0.0))
    (0.9154577288644321 (0.37 -0.028 0.0))
    (0.9164582291145572 (0.37 -0.028 0.0))
    (0.9174587293646823 (0.37 -0.028 0.0))
    (0.9184592296148073 (0.37 -0.028 0.0))
    (0.9194597298649324 (0.37 -0.028 0.0))
    (0.9204602301150575 (0.37 -0.028 0.0))
    (0.9214607303651825 (0.37 -0.028 0.0))
    (0.9224612306153076 (0.37 -0.028 0.0))
    (0.9234617308654326 (0.37 -0.028 0.0))
    (0.9244622311155577 (0.37 -0.028 0.0))
    (0.9254627313656828 (0.37 -0.028 0.0))
    (0.9264632316158078 (0.37 -0.028 0.0))
    (0.9274637318659329 (0.37 -0.028 0.0))
    (0.928464232116058 (0.37 -0.028 0.0))
    (0.929464732366183 (0.37 -0.028 0.0))
    (0.9304652326163081 (0.37 -0.028 0.0))
    (0.9314657328664332 (0.37 -0.028 0.0))
    (0.9324662331165582 (0.37 -0.028 0.0))
    (0.9334667333666833 (0.37 -0.028 0.0))
    (0.9344672336168084 (0.37 -0.028 0.0))
    (0.9354677338669334 (0.37 -0.028 0.0))
    (0.9364682341170585 (0.37 -0.028 0.0))
    (0.9374687343671835 (0.37 -0.028 0.0))
    (0.9384692346173086 (0.37 -0.028 0.0))
    (0.9394697348674337 (0.37 -0.028 0.0))
    (0.9404702351175587 (0.37 -0.028 0.0))
    (0.9414707353676838 (0.37 -0.028 0.0))
    (0.9424712356178089 (0.37 -0.028 0.0))
    (0.9434717358679339 (0.37 -0.028 0.0))
    (0.944472236118059 (0.37 -0.028 0.0))
    (0.9454727363681841 (0.37 -0.028 0.0))
    (0.9464732366183091 (0.37 -0.028 0.0))
    (0.9474737368684342 (0.37 -0.028 0.0))
    (0.9484742371185592 (0.37 -0.028 0.0))
    (0.9494747373686843 (0.37 -0.028 0.0))
    (0.9504752376188094 (0.37 -0.028 0.0))
    (0.9514757378689344 (0.37 -0.028 0.0))
    (0.9524762381190595 (0.37 -0.028 0.0))
    (0.9534767383691846 (0.37 -0.028 0.0))
    (0.9544772386193096 (0.37 -0.028 0.0))
    (0.9554777388694347 (0.37 -0.028 0.0))
    (0.9564782391195598 (0.37 -0.028 0.0))
    (0.9574787393696848 (0.37 -0.028 0.0))
    (0.9584792396198099 (0.37 -0.028 0.0))
    (0.9594797398699348 (0.37 -0.028 0.0))
    (0.96048024012006 (0.37 -0.028 0.0))
    (0.961480740370185 (0.37 -0.028 0.0))
    (0.96248124062031 (0.37 -0.028 0.0))
    (0.9634817408704351 (0.37 -0.028 0.0))
    (0.9644822411205602 (0.37 -0.028 0.0))
    (0.9654827413706852 (0.37 -0.028 0.0))
    (0.9664832416208103 (0.37 -0.028 0.0))
    (0.9674837418709354 (0.37 -0.028 0.0))
    (0.9684842421210604 (0.37 -0.028 0.0))
    (0.9694847423711855 (0.37 -0.028 0.0))
    (0.9704852426213106 (0.37 -0.028 0.0))
    (0.9714857428714356 (0.37 -0.028 0.0))
    (0.9724862431215607 (0.37 -0.028 0.0))
    (0.9734867433716857 (0.37 -0.028 0.0))
    (0.9744872436218108 (0.37 -0.028 0.0))
    (0.9754877438719359 (0.37 -0.028 0.0))
    (0.9764882441220609 (0.37 -0.028 0.0))
    (0.977488744372186 (0.37 -0.028 0.0))
    (0.9784892446223111 (0.37 -0.028 0.0))
    (0.9794897448724361 (0.37 -0.028 0.0))
    (0.9804902451225612 (0.37 -0.028 0.0))
    (0.9814907453726863 (0.37 -0.028 0.0))
    (0.9824912456228113 (0.37 -0.028 0.0))
    (0.9834917458729364 (0.37 -0.028 0.0))
    (0.9844922461230614 (0.37 -0.028 0.0))
    (0.9854927463731865 (0.37 -0.028 0.0))
    (0.9864932466233116 (0.37 -0.028 0.0))
    (0.9874937468734366 (0.37 -0.028 0.0))
    (0.9884942471235617 (0.37 -0.028 0.0))
    (0.9894947473736868 (0.37 -0.028 0.0))
    (0.9904952476238118 (0.37 -0.028 0.0))
    (0.9914957478739369 (0.37 -0.028 0.0))
    (0.992496248124062 (0.37 -0.028 0.0))
    (0.993496748374187 (0.37 -0.028 0.0))
    (0.9944972486243121 (0.37 -0.028 0.0))
    (0.9954977488744371 (0.37 -0.028 0.0))
    (0.9964982491245622 (0.37 -0.028 0.0))
    (0.9974987493746873 (0.37 -0.028 0.0))
    (0.9984992496248123 (0.37 -0.028 0.0))
    (0.9994997498749374 (0.37 -0.028 0.0))
    (1.0005002501250624 (0.37 -0.028 0.0))
    (1.0015007503751876 (0.37 -0.028 0.0))
    (1.0025012506253126 (0.37 -0.028 0.0))
    (1.0035017508754376 (0.37 -0.028 0.0))
    (1.0045022511255628 (0.37 -0.028 0.0))
    (1.0055027513756878 (0.37 -0.028 0.0))
    (1.0065032516258128 (0.37 -0.028 0.0))
    (1.007503751875938 (0.37 -0.028 0.0))
    (1.008504252126063 (0.37 -0.028 0.0))
    (1.009504752376188 (0.37 -0.028 0.0))
    (1.0105052526263132 (0.37 -0.028 0.0))
    (1.0115057528764382 (0.37 -0.028 0.0))
    (1.0125062531265632 (0.37 -0.028 0.0))
    (1.0135067533766882 (0.37 -0.028 0.0))
    (1.0145072536268134 (0.37 -0.028 0.0))
    (1.0155077538769384 (0.37 -0.028 0.0))
    (1.0165082541270634 (0.37 -0.028 0.0))
    (1.0175087543771886 (0.37 -0.028 0.0))
    (1.0185092546273136 (0.37 -0.028 0.0))
    (1.0195097548774386 (0.37 -0.028 0.0))
    (1.0205102551275638 (0.37 -0.028 0.0))
    (1.0215107553776888 (0.37 -0.028 0.0))
    (1.0225112556278138 (0.37 -0.028 0.0))
    (1.023511755877939 (0.37 -0.028 0.0))
    (1.024512256128064 (0.37 -0.028 0.0))
    (1.025512756378189 (0.37 -0.028 0.0))
    (1.0265132566283142 (0.37 -0.028 0.0))
    (1.0275137568784392 (0.37 -0.028 0.0))
    (1.0285142571285641 (0.37 -0.028 0.0))
    (1.0295147573786894 (0.37 -0.028 0.0))
    (1.0305152576288144 (0.37 -0.028 0.0))
    (1.0315157578789393 (0.37 -0.028 0.0))
    (1.0325162581290646 (0.37 -0.028 0.0))
    (1.0335167583791895 (0.37 -0.028 0.0))
    (1.0345172586293145 (0.37 -0.028 0.0))
    (1.0355177588794398 (0.37 -0.028 0.0))
    (1.0365182591295647 (0.37 -0.028 0.0))
    (1.0375187593796897 (0.37 -0.028 0.0))
    (1.0385192596298147 (0.37 -0.028 0.0))
    (1.03951975987994 (0.37 -0.028 0.0))
    (1.040520260130065 (0.37 -0.028 0.0))
    (1.04152076038019 (0.37 -0.028 0.0))
    (1.0425212606303151 (0.37 -0.028 0.0))
    (1.0435217608804401 (0.37 -0.028 0.0))
    (1.0445222611305651 (0.37 -0.028 0.0))
    (1.0455227613806903 (0.37 -0.028 0.0))
    (1.0465232616308153 (0.37 -0.028 0.0))
    (1.0475237618809403 (0.37 -0.028 0.0))
    (1.0485242621310655 (0.37 -0.028 0.0))
    (1.0495247623811905 (0.37 -0.028 0.0))
    (1.0505252626313155 (0.37 -0.028 0.0))
    (1.0515257628814407 (0.37 -0.028 0.0))
    (1.0525262631315657 (0.37 -0.028 0.0))
    (1.0535267633816907 (0.37 -0.028 0.0))
    (1.054527263631816 (0.37 -0.028 0.0))
    (1.055527763881941 (0.37 -0.028 0.0))
    (1.056528264132066 (0.37 -0.028 0.0))
    (1.0575287643821911 (0.37 -0.028 0.0))
    (1.0585292646323161 (0.37 -0.028 0.0))
    (1.059529764882441 (0.37 -0.028 0.0))
    (1.060530265132566 (0.37 -0.028 0.0))
    (1.0615307653826913 (0.37 -0.028 0.0))
    (1.0625312656328163 (0.37 -0.028 0.0))
    (1.0635317658829413 (0.37 -0.028 0.0))
    (1.0645322661330665 (0.37 -0.028 0.0))
    (1.0655327663831915 (0.37 -0.028 0.0))
    (1.0665332666333165 (0.37 -0.028 0.0))
    (1.0675337668834417 (0.37 -0.028 0.0))
    (1.0685342671335667 (0.37 -0.028 0.0))
    (1.0695347673836917 (0.37 -0.028 0.0))
    (1.070535267633817 (0.37 -0.028 0.0))
    (1.071535767883942 (0.37 -0.028 0.0))
    (1.0725362681340669 (0.37 -0.028 0.0))
    (1.073536768384192 (0.37 -0.028 0.0))
    (1.074537268634317 (0.37 -0.028 0.0))
    (1.075537768884442 (0.37 -0.028 0.0))
    (1.0765382691345673 (0.37 -0.028 0.0))
    (1.0775387693846923 (0.37 -0.028 0.0))
    (1.0785392696348173 (0.37 -0.028 0.0))
    (1.0795397698849425 (0.37 -0.028 0.0))
    (1.0805402701350675 (0.37 -0.028 0.0))
    (1.0815407703851925 (0.37 -0.028 0.0))
    (1.0825412706353177 (0.37 -0.028 0.0))
    (1.0835417708854427 (0.37 -0.028 0.0))
    (1.0845422711355677 (0.37 -0.028 0.0))
    (1.0855427713856927 (0.37 -0.028 0.0))
    (1.0865432716358179 (0.37 -0.028 0.0))
    (1.0875437718859429 (0.37 -0.028 0.0))
    (1.0885442721360679 (0.37 -0.028 0.0))
    (1.089544772386193 (0.37 -0.028 0.0))
    (1.090545272636318 (0.37 -0.028 0.0))
    (1.091545772886443 (0.37 -0.028 0.0))
    (1.0925462731365683 (0.37 -0.028 0.0))
    (1.0935467733866933 (0.37 -0.028 0.0))
    (1.0945472736368183 (0.37 -0.028 0.0))
    (1.0955477738869435 (0.37 -0.028 0.0))
    (1.0965482741370685 (0.37 -0.028 0.0))
    (1.0975487743871934 (0.37 -0.028 0.0))
    (1.0985492746373187 (0.37 -0.028 0.0))
    (1.0995497748874437 (0.37 -0.028 0.0))
    (1.1005502751375686 (0.37 -0.028 0.0))
    (1.1015507753876939 (0.37 -0.028 0.0))
    (1.1025512756378189 (0.37 -0.028 0.0))
    (1.1035517758879438 (0.37 -0.028 0.0))
    (1.104552276138069 (0.37 -0.028 0.0))
    (1.105552776388194 (0.37 -0.028 0.0))
    (1.106553276638319 (0.37 -0.028 0.0))
    (1.1075537768884443 (0.37 -0.028 0.0))
    (1.1085542771385692 (0.37 -0.028 0.0))
    (1.1095547773886942 (0.37 -0.028 0.0))
    (1.1105552776388192 (0.37 -0.028 0.0))
    (1.1115557778889444 (0.37 -0.028 0.0))
    (1.1125562781390694 (0.37 -0.028 0.0))
    (1.1135567783891944 (0.37 -0.028 0.0))
    (1.1145572786393196 (0.37 -0.028 0.0))
    (1.1155577788894446 (0.37 -0.028 0.0))
    (1.1165582791395696 (0.37 -0.028 0.0))
    (1.1175587793896948 (0.37 -0.028 0.0))
    (1.1185592796398198 (0.37 -0.028 0.0))
    (1.1195597798899448 (0.37 -0.028 0.0))
    (1.12056028014007 (0.37 -0.028 0.0))
    (1.121560780390195 (0.37 -0.028 0.0))
    (1.12256128064032 (0.37 -0.028 0.0))
    (1.1235617808904452 (0.37 -0.028 0.0))
    (1.1245622811405702 (0.37 -0.028 0.0))
    (1.1255627813906952 (0.37 -0.028 0.0))
    (1.1265632816408204 (0.37 -0.028 0.0))
    (1.1275637818909454 (0.37 -0.028 0.0))
    (1.1285642821410704 (0.37 -0.028 0.0))
    (1.1295647823911956 (0.37 -0.028208043785408584 0.0))
    (1.1305652826413206 (0.37 -0.028417561478513126 0.0))
    (1.1315657828914456 (0.37 -0.028627033335471813 0.0))
    (1.1325662831415706 (0.37 -0.028836436362346972 0.0))
    (1.1335667833916958 (0.37 -0.029045747572756603 0.0))
    (1.1345672836418208 (0.37 -0.029254943990397297 0.0))
    (1.1355677838919458 (0.37 -0.02946400265156674 0.0))
    (1.136568284142071 (0.37 -0.029672900607684276 0.0))
    (1.137568784392196 (0.37 -0.029881614927809844 0.0))
    (1.138569284642321 (0.37 -0.030090122701161452 0.0))
    (1.1395697848924462 (0.37 -0.030298401039629965 0.0))
    (1.1405702851425712 (0.37 -0.030506427080291373 0.0))
    (1.1415707853926962 (0.37 -0.03071417798791682 0.0))
    (1.1425712856428214 (0.37 -0.030921630957479088 0.0))
    (1.1435717858929464 (0.37 -0.031128763216655746 0.0))
    (1.1445722861430714 (0.37 -0.03133555202832924 0.0))
    (1.1455727863931966 (0.37 -0.03154197469308258 0.0))
    (1.1465732866433216 (0.37 -0.03174800855169096 0.0))
    (1.1475737868934466 (0.37 -0.031953630987609366 0.0))
    (1.1485742871435718 (0.37 -0.032158819429455025 0.0))
    (1.1495747873936968 (0.37 -0.03236355135348507 0.0))
    (1.1505752876438218 (0.37 -0.03256780428606912 0.0))
    (1.151575787893947 (0.37 -0.032771555806156205 0.0))
    (1.152576288144072 (0.37 -0.032974783547735774 0.0))
    (1.153576788394197 (0.37 -0.03317746520229311 0.0))
    (1.1545772886443222 (0.37 -0.033379578521258016 0.0))
    (1.1555777888944472 (0.37 -0.033581101318446924 0.0))
    (1.1565782891445722 (0.37 -0.03378201147249859 0.0))
    (1.1575787893946972 (0.37 -0.03398228692930218 0.0))
    (1.1585792896448224 (0.37 -0.03418190570441825 0.0))
    (1.1595797898949474 (0.37 -0.03438084588549185 0.0))
    (1.1605802901450724 (0.37 -0.03457908563465812 0.0))
    (1.1615807903951976 (0.37 -0.034776603190939274 0.0))
    (1.1625812906453226 (0.37 -0.03497337687263332 0.0))
    (1.1635817908954476 (0.37 -0.035169385079694186 0.0))
    (1.1645822911455728 (0.37 -0.03536460629610277 0.0))
    (1.1655827913956978 (0.37 -0.035559019092228576 0.0))
    (1.1665832916458228 (0.37 -0.03575260212718236 0.0))
    (1.167583791895948 (0.37 -0.03594533415115862 0.0))
    (1.168584292146073 (0.37 -0.03613719400776802 0.0))
    (1.169584792396198 (0.37 -0.036328160636360074 0.0))
    (1.1705852926463232 (0.37 -0.036518213074334845 0.0))
    (1.1715857928964482 (0.37 -0.03670733045944387 0.0))
    (1.1725862931465731 (0.37 -0.036895492032080535 0.0))
    (1.1735867933966984 (0.37 -0.03708267713755872 0.0))
    (1.1745872936468233 (0.37 -0.03726886522837997 0.0))
    (1.1755877938969483 (0.37 -0.03745403586648926 0.0))
    (1.1765882941470736 (0.37 -0.037638168725518374 0.0))
    (1.1775887943971985 (0.37 -0.037821243593017036 0.0))
    (1.1785892946473235 (0.37 -0.03800324037267191 0.0))
    (1.1795897948974485 (0.37 -0.038184139086512366 0.0))
    (1.1805902951475737 (0.37 -0.03836391987710366 0.0))
    (1.1815907953976987 (0.37 -0.038542563009726465 0.0))
    (1.1825912956478237 (0.37 -0.038720048874543445 0.0))
    (1.183591795897949 (0.37 -0.03889635798875174 0.0))
    (1.184592296148074 (0.37 -0.03907147099872145 0.0))
    (1.185592796398199 (0.37 -0.03924536868212037 0.0))
    (1.1865932966483241 (0.37 -0.03941803195002394 0.0))
    (1.1875937968984491 (0.37 -0.0395894418490105 0.0))
    (1.1885942971485741 (0.37 -0.03975957956324209 0.0))
    (1.1895947973986993 (0.37 -0.03992842641652976 0.0))
    (1.1905952976488243 (0.37 -0.04009596387438355 0.0))
    (1.1915957978989493 (0.37 -0.04026217354604728 0.0))
    (1.1925962981490745 (0.37 -0.04042703718651719 0.0))
    (1.1935967983991995 (0.37 -0.04059053669854465 0.0))
    (1.1945972986493245 (0.37 -0.04075265413462284 0.0))
    (1.1955977988994497 (0.37 -0.04091337169895688 0.0))
    (1.1965982991495747 (0.37 -0.041072671749417075 0.0))
    (1.1975987993996997 (0.37 -0.041230536799475775 0.0))
    (1.198599299649825 (0.37 -0.04138694952012681 0.0))
    (1.19959979989995 (0.37 -0.04154189274178751 0.0))
    (1.200600300150075 (0.37 -0.041695349456183764 0.0))
    (1.2016008004002001 (0.37 -0.04184730281821684 0.0))
    (1.2026013006503251 (0.37 -0.04199773614781239 0.0))
    (1.20360180090045 (0.37 -0.0421466329317517 0.0))
    (1.204602301150575 (0.37 -0.04229397682548419 0.0))
    (1.2056028014007003 (0.37 -0.04243975165492163 0.0))
    (1.2066033016508253 (0.37 -0.042583941418213464 0.0))
    (1.2076038019009503 (0.37 -0.04272653028750357 0.0))
    (1.2086043021510755 (0.37 -0.042867502610667525 0.0))
    (1.2096048024012005 (0.37 -0.0430068429130308 0.0))
    (1.2106053026513255 (0.37 -0.04314453589906745 0.0))
    (1.2116058029014507 (0.37 -0.04328056645407917 0.0))
    (1.2126063031515757 (0.37 -0.04341491964585426 0.0))
    (1.2136068034017007 (0.37 -0.043547580726306996 0.0))
    (1.214607303651826 (0.37 -0.04367853513309641 0.0))
    (1.215607803901951 (0.37 -0.04380776849122474 0.0))
    (1.2166083041520759 (0.37 -0.04393526661461557 0.0))
    (1.217608804402201 (0.37 -0.04406101550767097 0.0))
    (1.218609304652326 (0.37 -0.04418500136680766 0.0))
    (1.219609804902451 (0.37 -0.044307210581972525 0.0))
    (1.2206103051525763 (0.37 -0.04442762973813641 0.0))
    (1.2216108054027013 (0.37 -0.04454624561676668 0.0))
    (1.2226113056528263 (0.37 -0.04466304519727839 0.0))
    (1.2236118059029515 (0.37 -0.04477801565846344 0.0))
    (1.2246123061530765 (0.37 -0.044891144379897996 0.0))
    (1.2256128064032015 (0.37 -0.04500241894332786 0.0))
    (1.2266133066533267 (0.37 -0.04511182713403169 0.0))
    (1.2276138069034517 (0.37 -0.045219356942161656 0.0))
    (1.2286143071535767 (0.37 -0.045324996564062 0.0))
    (1.2296148074037017 (0.37 -0.04542873440356454 0.0))
    (1.2306153076538269 (0.37 -0.04553055907326174 0.0))
    (1.2316158079039519 (0.37 -0.04563045939575655 0.0))
    (1.2326163081540769 (0.37 -0.04572842440488955 0.0))
    (1.233616808404202 (0.37 -0.045824443346942606 0.0))
    (1.234617308654327 (0.37 -0.04591850568181928 0.0))
    (1.235617808904452 (0.37 -0.04601060108420195 0.0))
    (1.2366183091545773 (0.37 -0.04610071944468515 0.0))
    (1.2376188094047023 (0.37 -0.046188850870885256 0.0))
    (1.2386193096548272 (0.37 -0.04627498568852649 0.0))
    (1.2396198099049525 (0.37 -0.04635911444250279 0.0))
    (1.2406203101550775 (0.37 -0.04644122789791573 0.0))
    (1.2416208104052024 (0.37 -0.046521317041088237 0.0))
    (1.2426213106553277 (0.37 -0.04659937308055408 0.0))
    (1.2436218109054527 (0.37 -0.0466753874480228 0.0))
    (1.2446223111555776 (0.37 -0.04674935179932043 0.0))
    (1.2456228114057029 (0.37 -0.04682125801530532 0.0))
    (1.2466233116558278 (0.37 -0.04689109820275936 0.0))
    (1.2476238119059528 (0.37 -0.04695886469525455 0.0))
    (1.248624312156078 (0.37 -0.047024550053994474 0.0))
    (1.249624812406203 (0.37 -0.04708814706863084 0.0))
    (1.250625312656328 (0.37 -0.047149648758055024 0.0))
    (1.251625812906453 (0.37 -0.047209048371164374 0.0))
    (1.2526263131565782 (0.37 -0.04726633938760327 0.0))
    (1.2536268134067032 (0.37 -0.04732151551847889 0.0))
    (1.2546273136568282 (0.37 -0.04737457070705152 0.0))
    (1.2556278139069534 (0.37 -0.04742549912939946 0.0))
    (1.2566283141570784 (0.37 -0.047474295195058254 0.0))
    (1.2576288144072034 (0.37 -0.04752095354763443 0.0))
    (1.2586293146573286 (0.37 -0.04756546906539344 0.0))
    (1.2596298149074536 (0.37 -0.04760783686182184 0.0))
    (1.2606303151575786 (0.37 -0.04764805228616377 0.0))
    (1.2616308154077038 (0.37 -0.047686110923931435 0.0))
    (1.2626313156578288 (0.37 -0.04772200859738965 0.0))
    (1.2636318159079538 (0.37 -0.0477557413660145 0.0))
    (1.264632316158079 (0.37 -0.04778730552692586 0.0))
    (1.265632816408204 (0.37 -0.047816697615293835 0.0))
    (1.266633316658329 (0.37 -0.04784391440471916 0.0))
    (1.2676338169084542 (0.37 -0.047868952907587345 0.0))
    (1.2686343171585792 (0.37 -0.04789181037539659 0.0))
    (1.2696348174087042 (0.37 -0.04791248429905953 0.0))
    (1.2706353176588294 (0.37 -0.04793097240917865 0.0))
    (1.2716358179089544 (0.37 -0.047947272676295415 0.0))
    (1.2726363181590794 (0.37 -0.047961383311113 0.0))
    (1.2736368184092046 (0.37 -0.04797330276469276 0.0))
    (1.2746373186593296 (0.37 -0.04798302972862421 0.0))
    (1.2756378189094546 (0.37 -0.04799056313516868 0.0))
    (1.2766383191595796 (0.37 -0.04799590215737652 0.0))
    (1.2776388194097048 (0.37 -0.04799904620917785 0.0))
    (1.2786393196598298 (0.37 -0.04799999494544693 0.0))
    (1.2796398199099548 (0.37 -0.047998748262040036 0.0))
    (1.28064032016008 (0.37 -0.04799530629580684 0.0))
    (1.281640820410205 (0.37 -0.04798966942457547 0.0))
    (1.28264132066033 (0.37 -0.047981838267110985 0.0))
    (1.2836418209104552 (0.37 -0.047971813683047454 0.0))
    (1.2846423211605802 (0.37 -0.047959596772793614 0.0))
    (1.2856428214107052 (0.37 -0.04794518887741206 0.0))
    (1.2866433216608304 (0.37 -0.04792859157847204 0.0))
    (1.2876438219109554 (0.37 -0.04790980669787587 0.0))
    (1.2886443221610804 (0.37 -0.04788883629765886 0.0))
    (1.2896448224112056 (0.37 -0.047865682679763065 0.0))
    (1.2906453226613306 (0.37 -0.04784034838578456 0.0))
    (1.2916458229114556 (0.37 -0.04781283619669441 0.0))
    (1.2926463231615808 (0.37 -0.047783149132533426 0.0))
    (1.2936468234117058 (0.37 -0.047751290452080694 0.0))
    (1.2946473236618308 (0.37 -0.04771726365249579 0.0))
    (1.295647823911956 (0.37 -0.0476810724689349 0.0))
    (1.296648324162081 (0.37 -0.047642720874140884 0.0))
    (1.297648824412206 (0.37 -0.04760221307800709 0.0))
    (1.298649324662331 (0.37 -0.04755955352711527 0.0))
    (1.2996498249124562 (0.37 -0.047514746904247465 0.0))
    (1.3006503251625812 (0.37 -0.04746779812787201 0.0))
    (1.3016508254127062 (0.37 -0.04741871235160357 0.0))
    (1.3026513256628314 (0.37 -0.04736749496363744 0.0))
    (1.3036518259129564 (0.37 -0.047314151586158135 0.0))
    (1.3046523261630814 (0.37 -0.047258688074722166 0.0))
    (1.3056528264132066 (0.37 -0.04720111051761525 0.0))
    (1.3066533266633316 (0.37 -0.047141425235184095 0.0))
    (1.3076538269134566 (0.37 -0.04707963877914253 0.0))
    (1.3086543271635818 (0.37 -0.04701575793185232 0.0))
    (1.3096548274137068 (0.37 -0.04694978970557871 0.0))
    (1.3106553276638317 (0.37 -0.04688174134172063 0.0))
    (1.311655827913957 (0.37 -0.04681162031001577 0.0))
    (1.312656328164082 (0.37 -0.04673943430772076 0.0))
    (1.313656828414207 (0.37 -0.04666519125876609 0.0))
    (1.3146573286643322 (0.37 -0.0465888993128863 0.0))
    (1.3156578289144572 (0.37 -0.04651056684472551 0.0))
    (1.3166583291645821 (0.37 -0.04643020245291796 0.0))
    (1.3176588294147074 (0.37 -0.04634781495914421 0.0))
    (1.3186593296648323 (0.37 -0.04626341340716285 0.0))
    (1.3196598299149573 (0.37 -0.04617700706181757 0.0))
    (1.3206603301650826 (0.37 -0.04608860540802032 0.0))
    (1.3216608304152075 (0.37 -0.04599821814971006 0.0))
    (1.3226613306653325 (0.37 -0.04590585520878754 0.0))
    (1.3236618309154575 (0.37 -0.04581152672402625 0.0))
    (1.3246623311655827 (0.37 -0.045715243049959345 0.0))
    (1.3256628314157077 (0.37 -0.04561701475574316 0.0))
    (1.3266633316658327 (0.37 -0.04551685262399689 0.0))
    (1.327663831915958 (0.37 -0.04541476764961903 0.0))
    (1.328664332166083 (0.37 -0.04531077103858054 0.0))
    (1.329664832416208 (0.37 -0.04520487420669458 0.0))
    (1.3306653326663331 (0.37 -0.04509708877836348 0.0))
    (1.3316658329164581 (0.37 -0.04498742658530279 0.0))
    (1.3326663331665831 (0.37 -0.044875899665242344 0.0))
    (1.3336668334167083 (0.37 -0.04476252026060493 0.0))
    (1.3346673336668333 (0.37 -0.04464730081716255 0.0))
    (1.3356678339169583 (0.37 -0.04453025398267004 0.0))
    (1.3366683341670835 (0.37 -0.04441139260547679 0.0))
    (1.3376688344172085 (0.37 -0.04429072973311646 0.0))
    (1.3386693346673335 (0.37 -0.04416827861087454 0.0))
    (1.3396698349174587 (0.37 -0.04404405268033462 0.0))
    (1.3406703351675837 (0.37 -0.04391806557790278 0.0))
    (1.3416708354177087 (0.37 -0.04379033113331067 0.0))
    (1.342671335667834 (0.37 -0.04366086336809742 0.0))
    (1.343671835917959 (0.37 -0.0435296764940707 0.0))
    (1.344672336168084 (0.37 -0.043396784911746304 0.0))
    (1.3456728364182091 (0.37 -0.043262203208767634 0.0))
    (1.346673336668334 (0.37 -0.04312594615830441 0.0))
    (1.347673836918459 (0.37 -0.04298802871743086 0.0))
    (1.348674337168584 (0.37 -0.04284846602548399 0.0))
    (1.3496748374187093 (0.37 -0.04270727340240161 0.0))
    (1.3506753376688343 (0.37 -0.04256446634704087 0.0))
    (1.3516758379189593 (0.37 -0.04242006053547666 0.0))
    (1.3526763381690845 (0.37 -0.04227407181928095 0.0))
    (1.3536768384192095 (0.37 -0.04212651622378283 0.0))
    (1.3546773386693345 (0.37 -0.041977409946309274 0.0))
    (1.3556778389194597 (0.37 -0.04182676935440716 0.0))
    (1.3566783391695847 (0.37 -0.04167461098404669 0.0))
    (1.3576788394197097 (0.37 -0.041520951537806064 0.0))
    (1.358679339669835 (0.37 -0.04136580788303807 0.0))
    (1.3596798399199599 (0.37 -0.04120919705001874 0.0))
    (1.3606803401700849 (0.37 -0.04105113623007758 0.0))
    (1.36168084042021 (0.37 -0.04089164277371064 0.0))
    (1.362681340670335 (0.37 -0.04073073418867604 0.0))
    (1.36368184092046 (0.37 -0.04056842813807186 0.0))
    (1.3646823411705853 (0.37 -0.04040474243839744 0.0))
    (1.3656828414207103 (0.37 -0.04023969505759769 0.0))
    (1.3666833416708353 (0.37 -0.040073304113090506 0.0))
    (1.3676838419209605 (0.37 -0.03990558786977815 0.0))
    (1.3686843421710855 (0.37 -0.039736564738042365 0.0))
    (1.3696848424212105 (0.37 -0.03956625327172322 0.0))
    (1.3706853426713355 (0.37 -0.03939467216608273 0.0))
    (1.3716858429214607 (0.37 -0.03922184025575236 0.0))
    (1.3726863431715857 (0.37 -0.03904777651266578 0.0))
    (1.3736868434217107 (0.37 -0.03887250004397612 0.0))
    (1.3746873436718359 (0.37 -0.03869603008995858 0.0))
    (1.3756878439219609 (0.37 -0.03851838602189865 0.0))
    (1.3766883441720859 (0.37 -0.038339587339965314 0.0))
    (1.377688844422211 (0.37 -0.038159653671070715 0.0))
    (1.378689344672336 (0.37 -0.03797860476671576 0.0))
    (1.379689844922461 (0.37 -0.03779646050082179 0.0))
    (1.3806903451725863 (0.37 -0.03761324086754905 0.0))
    (1.3816908454227113 (0.37 -0.037428965979102155 0.0))
    (1.3826913456728362 (0.37 -0.03724365606352194 0.0))
    (1.3836918459229615 (0.37 -0.03705733146246525 0.0))
    (1.3846923461730865 (0.37 -0.03687001262897207 0.0))
    (1.3856928464232114 (0.37 -0.036681720125220245 0.0))
    (1.3866933466733367 (0.37 -0.03649247462026832 0.0))
    (1.3876938469234616 (0.37 -0.036302296887786877 0.0))
    (1.3886943471735866 (0.37 -0.03611120780377794 0.0))
    (1.3896948474237119 (0.37 -0.03591922834428349 0.0))
    (1.3906953476738368 (0.37 -0.03572637958308312 0.0))
    (1.3916958479239618 (0.37 -0.03553268268938037 0.0))
    (1.392696348174087 (0.37 -0.035338158925479146 0.0))
    (1.393696848424212 (0.37 -0.03514282964444985 0.0))
    (1.394697348674337 (0.37 -0.034946716287785215 0.0))
    (1.395697848924462 (0.37 -0.03474984038304678 0.0))
    (1.3966983491745872 (0.37 -0.034552223541501684 0.0))
    (1.3976988494247122 (0.37 -0.03435388745575066 0.0))
    (1.3986993496748372 (0.37 -0.03415485389734639 0.0))
    (1.3996998499249624 (0.37 -0.03395514471440389 0.0))
    (1.4007003501750874 (0.37 -0.03375478182920221 0.0))
    (1.4017008504252124 (0.37 -0.033553787235777975 0.0))
    (1.4027013506753376 (0.37 -0.03335218299751094 0.0))
    (1.4037018509254626 (0.37 -0.03314999124470236 0.0))
    (1.4047023511755876 (0.37 -0.03294723417214541 0.0))
    (1.4057028514257128 (0.37 -0.03274393403668898 0.0))
    (1.4067033516758378 (0.37 -0.03254011315479473 0.0))
    (1.4077038519259628 (0.37 -0.03233579390008696 0.0))
    (1.408704352176088 (0.37 -0.032130998700896904 0.0))
    (1.409704852426213 (0.37 -0.031925750037800814 0.0))
    (1.410705352676338 (0.37 -0.031720070441152014 0.0))
    (1.4117058529264632 (0.37 -0.03151398248860781 0.0))
    (1.4127063531765882 (0.37 -0.03130750880265136 0.0))
    (1.4137068534267132 (0.37 -0.03110067204810797 0.0))
    (1.4147073536768384 (0.37 -0.030893494929657355 0.0))
    (1.4157078539269634 (0.37 -0.030686000189341426 0.0))
    (1.4167083541770884 (0.37 -0.030478210604067746 0.0))
    (1.4177088544272134 (0.37 -0.030270148983109244 0.0))
    (1.4187093546773386 (0.37 -0.03006183816560048 0.0))
    (1.4197098549274636 (0.37 -0.029853301018030683 0.0))
    (1.4207103551775886 (0.37 -0.02964456043173344 0.0))
    (1.4217108554277138 (0.37 -0.029435639320373998 0.0))
    (1.4227113556778388 (0.37 -0.029226560617434217 0.0))
    (1.4237118559279638 (0.37 -0.029017347273694743 0.0))
    (1.424712356178089 (0.37 -0.028808022254715914 0.0))
    (1.425712856428214 (0.37 -0.028598608538316868 0.0))
    (1.426713356678339 (0.37 -0.028389129112053057 0.0))
    (1.4277138569284642 (0.37 -0.028179606970692925 0.0))
    (1.4287143571785892 (0.37 -0.028 0.0))
    (1.4297148574287142 (0.37 -0.028 0.0))
    (1.4307153576788394 (0.37 -0.028 0.0))
    (1.4317158579289644 (0.37 -0.028 0.0))
    (1.4327163581790894 (0.37 -0.028 0.0))
    (1.4337168584292146 (0.37 -0.028 0.0))
    (1.4347173586793396 (0.37 -0.028 0.0))
    (1.4357178589294646 (0.37 -0.028 0.0))
    (1.4367183591795898 (0.37 -0.028 0.0))
    (1.4377188594297148 (0.37 -0.028 0.0))
    (1.4387193596798398 (0.37 -0.028 0.0))
    (1.439719859929965 (0.37 -0.028 0.0))
    (1.44072036018009 (0.37 -0.028 0.0))
    (1.441720860430215 (0.37 -0.028 0.0))
    (1.44272136068034 (0.37 -0.028 0.0))
    (1.4437218609304652 (0.37 -0.028 0.0))
    (1.4447223611805902 (0.37 -0.028 0.0))
    (1.4457228614307152 (0.37 -0.028 0.0))
    (1.4467233616808404 (0.37 -0.028 0.0))
    (1.4477238619309654 (0.37 -0.028 0.0))
    (1.4487243621810904 (0.37 -0.028 0.0))
    (1.4497248624312156 (0.37 -0.028 0.0))
    (1.4507253626813406 (0.37 -0.028 0.0))
    (1.4517258629314655 (0.37 -0.028 0.0))
    (1.4527263631815908 (0.37 -0.028 0.0))
    (1.4537268634317158 (0.37 -0.028 0.0))
    (1.4547273636818407 (0.37 -0.028 0.0))
    (1.455727863931966 (0.37 -0.028 0.0))
    (1.456728364182091 (0.37 -0.028 0.0))
    (1.457728864432216 (0.37 -0.028 0.0))
    (1.4587293646823412 (0.37 -0.028 0.0))
    (1.4597298649324661 (0.37 -0.028 0.0))
    (1.4607303651825911 (0.37 -0.028 0.0))
    (1.4617308654327164 (0.37 -0.028 0.0))
    (1.4627313656828413 (0.37 -0.028 0.0))
    (1.4637318659329663 (0.37 -0.028 0.0))
    (1.4647323661830915 (0.37 -0.028 0.0))
    (1.4657328664332165 (0.37 -0.028 0.0))
    (1.4667333666833415 (0.37 -0.028 0.0))
    (1.4677338669334665 (0.37 -0.028 0.0))
    (1.4687343671835917 (0.37 -0.028 0.0))
    (1.4697348674337167 (0.37 -0.028 0.0))
    (1.4707353676838417 (0.37 -0.028 0.0))
    (1.471735867933967 (0.37 -0.028 0.0))
    (1.472736368184092 (0.37 -0.028 0.0))
    (1.473736868434217 (0.37 -0.028 0.0))
    (1.4747373686843421 (0.37 -0.028 0.0))
    (1.4757378689344671 (0.37 -0.028 0.0))
    (1.4767383691845921 (0.37 -0.028 0.0))
    (1.4777388694347173 (0.37 -0.028 0.0))
    (1.4787393696848423 (0.37 -0.028 0.0))
    (1.4797398699349673 (0.37 -0.028 0.0))
    (1.4807403701850925 (0.37 -0.028 0.0))
    (1.4817408704352175 (0.37 -0.028 0.0))
    (1.4827413706853425 (0.37 -0.028 0.0))
    (1.4837418709354677 (0.37 -0.028 0.0))
    (1.4847423711855927 (0.37 -0.028 0.0))
    (1.4857428714357177 (0.37 -0.028 0.0))
    (1.486743371685843 (0.37 -0.028 0.0))
    (1.487743871935968 (0.37 -0.028 0.0))
    (1.488744372186093 (0.37 -0.028 0.0))
    (1.489744872436218 (0.37 -0.028 0.0))
    (1.490745372686343 (0.37 -0.028 0.0))
    (1.491745872936468 (0.37 -0.028 0.0))
    (1.492746373186593 (0.37 -0.028 0.0))
    (1.4937468734367183 (0.37 -0.028 0.0))
    (1.4947473736868433 (0.37 -0.028 0.0))
    (1.4957478739369683 (0.37 -0.028 0.0))
    (1.4967483741870935 (0.37 -0.028 0.0))
    (1.4977488744372185 (0.37 -0.028 0.0))
    (1.4987493746873435 (0.37 -0.028 0.0))
    (1.4997498749374687 (0.37 -0.028 0.0))
    (1.5007503751875937 (0.37 -0.028 0.0))
    (1.5017508754377187 (0.37 -0.028 0.0))
    (1.502751375687844 (0.37 -0.028 0.0))
    (1.5037518759379689 (0.37 -0.028 0.0))
    (1.5047523761880939 (0.37 -0.028 0.0))
    (1.505752876438219 (0.37 -0.028 0.0))
    (1.506753376688344 (0.37 -0.028 0.0))
    (1.507753876938469 (0.37 -0.028 0.0))
    (1.5087543771885943 (0.37 -0.028 0.0))
    (1.5097548774387193 (0.37 -0.028 0.0))
    (1.5107553776888443 (0.37 -0.028 0.0))
    (1.5117558779389695 (0.37 -0.028 0.0))
    (1.5127563781890945 (0.37 -0.028 0.0))
    (1.5137568784392195 (0.37 -0.028 0.0))
    (1.5147573786893445 (0.37 -0.028 0.0))
    (1.5157578789394697 (0.37 -0.028 0.0))
    (1.5167583791895947 (0.37 -0.028 0.0))
    (1.5177588794397197 (0.37 -0.028 0.0))
    (1.5187593796898449 (0.37 -0.028 0.0))
    (1.5197598799399699 (0.37 -0.028 0.0))
    (1.5207603801900949 (0.37 -0.028 0.0))
    (1.52176088044022 (0.37 -0.028 0.0))
    (1.522761380690345 (0.37 -0.028 0.0))
    (1.52376188094047 (0.37 -0.028 0.0))
    (1.5247623811905953 (0.37 -0.028 0.0))
    (1.5257628814407203 (0.37 -0.028 0.0))
    (1.5267633816908452 (0.37 -0.028 0.0))
    (1.5277638819409705 (0.37 -0.028 0.0))
    (1.5287643821910955 (0.37 -0.028 0.0))
    (1.5297648824412204 (0.37 -0.028 0.0))
    (1.5307653826913457 (0.37 -0.028 0.0))
    (1.5317658829414706 (0.37 -0.028 0.0))
    (1.5327663831915956 (0.37 -0.028 0.0))
    (1.5337668834417209 (0.37 -0.028 0.0))
    (1.5347673836918458 (0.37 -0.028 0.0))
    (1.5357678839419708 (0.37 -0.028 0.0))
    (1.5367683841920958 (0.37 -0.028 0.0))
    (1.537768884442221 (0.37 -0.028 0.0))
    (1.538769384692346 (0.37 -0.028 0.0))
    (1.539769884942471 (0.37 -0.028 0.0))
    (1.5407703851925962 (0.37 -0.028 0.0))
    (1.5417708854427212 (0.37 -0.028 0.0))
    (1.5427713856928462 (0.37 -0.028 0.0))
    (1.5437718859429714 (0.37 -0.028 0.0))
    (1.5447723861930964 (0.37 -0.028 0.0))
    (1.5457728864432214 (0.37 -0.028 0.0))
    (1.5467733866933466 (0.37 -0.028 0.0))
    (1.5477738869434716 (0.37 -0.028 0.0))
    (1.5487743871935966 (0.37 -0.028 0.0))
    (1.5497748874437218 (0.37 -0.028 0.0))
    (1.5507753876938468 (0.37 -0.028 0.0))
    (1.5517758879439718 (0.37 -0.028 0.0))
    (1.552776388194097 (0.37 -0.028 0.0))
    (1.553776888444222 (0.37 -0.028 0.0))
    (1.554777388694347 (0.37 -0.028 0.0))
    (1.5557778889444722 (0.37 -0.028 0.0))
    (1.5567783891945972 (0.37 -0.028 0.0))
    (1.5577788894447222 (0.37 -0.028 0.0))
    (1.5587793896948474 (0.37 -0.028 0.0))
    (1.5597798899449724 (0.37 -0.028 0.0))
    (1.5607803901950974 (0.37 -0.028 0.0))
    (1.5617808904452224 (0.37 -0.028 0.0))
    (1.5627813906953476 (0.37 -0.028 0.0))
    (1.5637818909454726 (0.37 -0.028 0.0))
    (1.5647823911955976 (0.37 -0.028 0.0))
    (1.5657828914457228 (0.37 -0.028 0.0))
    (1.5667833916958478 (0.37 -0.028 0.0))
    (1.5677838919459728 (0.37 -0.028 0.0))
    (1.568784392196098 (0.37 -0.028 0.0))
    (1.569784892446223 (0.37 -0.028 0.0))
    (1.570785392696348 (0.37 -0.028 0.0))
    (1.5717858929464732 (0.37 -0.028 0.0))
    (1.5727863931965982 (0.37 -0.028 0.0))
    (1.5737868934467232 (0.37 -0.028 0.0))
    (1.5747873936968484 (0.37 -0.028 0.0))
    (1.5757878939469734 (0.37 -0.028 0.0))
    (1.5767883941970984 (0.37 -0.028 0.0))
    (1.5777888944472236 (0.37 -0.028 0.0))
    (1.5787893946973486 (0.37 -0.028 0.0))
    (1.5797898949474736 (0.37 -0.028 0.0))
    (1.5807903951975988 (0.37 -0.028 0.0))
    (1.5817908954477238 (0.37 -0.028 0.0))
    (1.5827913956978488 (0.37 -0.028 0.0))
    (1.583791895947974 (0.37 -0.028 0.0))
    (1.584792396198099 (0.37 -0.028 0.0))
    (1.585792896448224 (0.37 -0.028 0.0))
    (1.586793396698349 (0.37 -0.028 0.0))
    (1.5877938969484742 (0.37 -0.028 0.0))
    (1.5887943971985992 (0.37 -0.028 0.0))
    (1.5897948974487242 (0.37 -0.028 0.0))
    (1.5907953976988494 (0.37 -0.028 0.0))
    (1.5917958979489744 (0.37 -0.028 0.0))
    (1.5927963981990994 (0.37 -0.028 0.0))
    (1.5937968984492246 (0.37 -0.028 0.0))
    (1.5947973986993496 (0.37 -0.028 0.0))
    (1.5957978989494745 (0.37 -0.028 0.0))
    (1.5967983991995998 (0.37 -0.028 0.0))
    (1.5977988994497248 (0.37 -0.028 0.0))
    (1.5987993996998497 (0.37 -0.028 0.0))
    (1.599799899949975 (0.37 -0.028 0.0))
    (1.6008004002001 (0.37 -0.028 0.0))
    (1.601800900450225 (0.37 -0.028 0.0))
    (1.6028014007003502 (0.37 -0.028 0.0))
    (1.6038019009504751 (0.37 -0.028 0.0))
    (1.6048024012006001 (0.37 -0.028 0.0))
    (1.6058029014507254 (0.37 -0.028 0.0))
    (1.6068034017008503 (0.37 -0.028 0.0))
    (1.6078039019509753 (0.37 -0.028 0.0))
    (1.6088044022011003 (0.37 -0.028 0.0))
    (1.6098049024512255 (0.37 -0.028 0.0))
    (1.6108054027013505 (0.37 -0.028 0.0))
    (1.6118059029514755 (0.37 -0.028 0.0))
    (1.6128064032016007 (0.37 -0.028 0.0))
    (1.6138069034517257 (0.37 -0.028 0.0))
    (1.6148074037018507 (0.37 -0.028 0.0))
    (1.615807903951976 (0.37 -0.028 0.0))
    (1.616808404202101 (0.37 -0.028 0.0))
    (1.617808904452226 (0.37 -0.028 0.0))
    (1.6188094047023511 (0.37 -0.028 0.0))
    (1.6198099049524761 (0.37 -0.028 0.0))
    (1.6208104052026011 (0.37 -0.028 0.0))
    (1.6218109054527263 (0.37 -0.028 0.0))
    (1.6228114057028513 (0.37 -0.028 0.0))
    (1.6238119059529763 (0.37 -0.028 0.0))
    (1.6248124062031015 (0.37 -0.028 0.0))
    (1.6258129064532265 (0.37 -0.028 0.0))
    (1.6268134067033515 (0.37 -0.028 0.0))
    (1.6278139069534767 (0.37 -0.028 0.0))
    (1.6288144072036017 (0.37 -0.028 0.0))
    (1.6298149074537267 (0.37 -0.028 0.0))
    (1.630815407703852 (0.37 -0.028 0.0))
    (1.631815907953977 (0.37 -0.028 0.0))
    (1.632816408204102 (0.37 -0.028 0.0))
    (1.633816908454227 (0.37 -0.028 0.0))
    (1.634817408704352 (0.37 -0.028 0.0))
    (1.635817908954477 (0.37 -0.028 0.0))
    (1.636818409204602 (0.37 -0.028 0.0))
    (1.6378189094547273 (0.37 -0.028 0.0))
    (1.6388194097048523 (0.37 -0.028 0.0))
    (1.6398199099549773 (0.37 -0.028 0.0))
    (1.6408204102051025 (0.37 -0.028 0.0))
    (1.6418209104552275 (0.37 -0.028 0.0))
    (1.6428214107053525 (0.37 -0.028 0.0))
    (1.6438219109554777 (0.37 -0.028 0.0))
    (1.6448224112056027 (0.37 -0.028 0.0))
    (1.6458229114557277 (0.37 -0.028 0.0))
    (1.646823411705853 (0.37 -0.028 0.0))
    (1.6478239119559779 (0.37 -0.028 0.0))
    (1.6488244122061029 (0.37 -0.028 0.0))
    (1.649824912456228 (0.37 -0.028 0.0))
    (1.650825412706353 (0.37 -0.028 0.0))
    (1.651825912956478 (0.37 -0.028 0.0))
    (1.6528264132066033 (0.37 -0.028 0.0))
    (1.6538269134567283 (0.37 -0.028 0.0))
    (1.6548274137068533 (0.37 -0.028 0.0))
    (1.6558279139569785 (0.37 -0.028 0.0))
    (1.6568284142071035 (0.37 -0.028 0.0))
    (1.6578289144572285 (0.37 -0.028 0.0))
    (1.6588294147073535 (0.37 -0.028 0.0))
    (1.6598299149574787 (0.37 -0.028 0.0))
    (1.6608304152076037 (0.37 -0.028 0.0))
    (1.6618309154577287 (0.37 -0.028 0.0))
    (1.6628314157078539 (0.37 -0.028 0.0))
    (1.6638319159579789 (0.37 -0.028 0.0))
    (1.6648324162081038 (0.37 -0.028 0.0))
    (1.665832916458229 (0.37 -0.028 0.0))
    (1.666833416708354 (0.37 -0.028 0.0))
    (1.667833916958479 (0.37 -0.028 0.0))
    (1.6688344172086043 (0.37 -0.028 0.0))
    (1.6698349174587293 (0.37 -0.028 0.0))
    (1.6708354177088542 (0.37 -0.028 0.0))
    (1.6718359179589795 (0.37 -0.028 0.0))
    (1.6728364182091044 (0.37 -0.028 0.0))
    (1.6738369184592294 (0.37 -0.028 0.0))
    (1.6748374187093547 (0.37 -0.028 0.0))
    (1.6758379189594796 (0.37 -0.028 0.0))
    (1.6768384192096046 (0.37 -0.028 0.0))
    (1.6778389194597298 (0.37 -0.028 0.0))
    (1.6788394197098548 (0.37 -0.028 0.0))
    (1.6798399199599798 (0.37 -0.028 0.0))
    (1.6808404202101048 (0.37 -0.028 0.0))
    (1.68184092046023 (0.37 -0.028 0.0))
    (1.682841420710355 (0.37 -0.028 0.0))
    (1.68384192096048 (0.37 -0.028 0.0))
    (1.6848424212106052 (0.37 -0.028 0.0))
    (1.6858429214607302 (0.37 -0.028 0.0))
    (1.6868434217108552 (0.37 -0.028 0.0))
    (1.6878439219609804 (0.37 -0.028 0.0))
    (1.6888444222111054 (0.37 -0.028 0.0))
    (1.6898449224612304 (0.37 -0.028 0.0))
    (1.6908454227113556 (0.37 -0.028 0.0))
    (1.6918459229614806 (0.37 -0.028 0.0))
    (1.6928464232116056 (0.37 -0.028 0.0))
    (1.6938469234617308 (0.37 -0.028 0.0))
    (1.6948474237118558 (0.37 -0.028 0.0))
    (1.6958479239619808 (0.37 -0.028 0.0))
    (1.696848424212106 (0.37 -0.028 0.0))
    (1.697848924462231 (0.37 -0.028 0.0))
    (1.698849424712356 (0.37 -0.028 0.0))
    (1.6998499249624812 (0.37 -0.028 0.0))
    (1.7008504252126062 (0.37 -0.028 0.0))
    (1.7018509254627312 (0.37 -0.028 0.0))
    (1.7028514257128564 (0.37 -0.028 0.0))
    (1.7038519259629814 (0.37 -0.028 0.0))
    (1.7048524262131064 (0.37 -0.028 0.0))
    (1.7058529264632314 (0.37 -0.028 0.0))
    (1.7068534267133566 (0.37 -0.028 0.0))
    (1.7078539269634816 (0.37 -0.028 0.0))
    (1.7088544272136066 (0.37 -0.028 0.0))
    (1.7098549274637318 (0.37 -0.028 0.0))
    (1.7108554277138568 (0.37 -0.028 0.0))
    (1.7118559279639818 (0.37 -0.028 0.0))
    (1.712856428214107 (0.37 -0.028 0.0))
    (1.713856928464232 (0.37 -0.028 0.0))
    (1.714857428714357 (0.37 -0.028 0.0))
    (1.7158579289644822 (0.37 -0.028 0.0))
    (1.7168584292146072 (0.37 -0.028 0.0))
    (1.7178589294647322 (0.37 -0.028 0.0))
    (1.7188594297148574 (0.37 -0.028 0.0))
    (1.7198599299649824 (0.37 -0.028 0.0))
    (1.7208604302151074 (0.37 -0.028 0.0))
    (1.7218609304652326 (0.37 -0.028 0.0))
    (1.7228614307153576 (0.37 -0.028 0.0))
    (1.7238619309654826 (0.37 -0.028 0.0))
    (1.7248624312156078 (0.37 -0.028 0.0))
    (1.7258629314657328 (0.37 -0.028 0.0))
    (1.7268634317158578 (0.37 -0.028 0.0))
    (1.7278639319659828 (0.37 -0.028 0.0))
    (1.728864432216108 (0.37 -0.028061366443549497 0.0))
    (1.729864932466233 (0.37 -0.02827090253776748 0.0))
    (1.730865432716358 (0.37 -0.028480408894739972 0.0))
    (1.7318659329664832 (0.37 -0.028689862516742097 0.0))
    (1.7328664332166082 (0.37 -0.028899240411837866 0.0))
    (1.7338669334667332 (0.37 -0.02910851959640408 0.0))
    (1.7348674337168584 (0.37 -0.029317677097652914 0.0))
    (1.7358679339669834 (0.37 -0.029526689956153714 0.0))
    (1.7368684342171083 (0.37 -0.02973553522835386 0.0))
    (1.7378689344672336 (0.37 -0.029944189989096388 0.0))
    (1.7388694347173586 (0.37 -0.03015263133413711 0.0))
    (1.7398699349674835 (0.37 -0.030360836382658882 0.0))
    (1.7408704352176088 (0.37 -0.030568782279782877 0.0))
    (1.7418709354677337 (0.37 -0.030776446199077486 0.0))
    (1.7428714357178587 (0.37 -0.030983805345064404 0.0))
    (1.743871935967984 (0.37 -0.031190836955720346 0.0))
    (1.744872436218109 (0.37 -0.031397518304975926 0.0))
    (1.745872936468234 (0.37 -0.031603826705210544 0.0))
    (1.7468734367183592 (0.37 -0.03180973950974227 0.0))
    (1.7478739369684841 (0.37 -0.03201523411531424 0.0))
    (1.7488744372186091 (0.37 -0.032220287964575864 0.0))
    (1.7498749374687343 (0.37 -0.032424878548558654 0.0))
    (1.7508754377188593 (0.37 -0.03262898340914708 0.0))
    (1.7518759379689843 (0.37 -0.03283258014154441 0.0))
    (1.7528764382191093 (0.37 -0.03303564639673114 0.0))
    (1.7538769384692345 (0.37 -0.03323815988391921 0.0))
    (1.7548774387193595 (0.37 -0.0334400983729982 0.0))
    (1.7558779389694845 (0.37 -0.03364143969697584 0.0))
    (1.7568784392196097 (0.37 -0.033842161754411494 0.0))
    (1.7578789394697347 (0.37 -0.034042242511841736 0.0))
    (1.7588794397198597 (0.37 -0.03424166000619941 0.0))
    (1.759879939969985 (0.37 -0.03444039234722457 0.0))
    (1.76088044022011 (0.37 -0.03463841771986708 0.0))
    (1.761880940470235 (0.37 -0.034835714386681316 0.0))
    (1.7628814407203601 (0.37 -0.03503226069021285 0.0))
    (1.7638819409704851 (0.37 -0.03522803505537496 0.0))
    (1.76488244122061 (0.37 -0.03542301599181751 0.0))
    (1.7658829414707353 (0.37 -0.035617182096286025 0.0))
    (1.7668834417208603 (0.37 -0.03581051205497077 0.0))
    (1.7678839419709853 (0.37 -0.03600298464584647 0.0))
    (1.7688844422211105 (0.37 -0.03619457874100232 0.0))
    (1.7698849424712355 (0.37 -0.0363852733089606 0.0))
    (1.7708854427213605 (0.37 -0.036575047416985654 0.0))
    (1.7718859429714857 (0.37 -0.036763880233381785 0.0))
    (1.7728864432216107 (0.37 -0.0369517510297797 0.0))
    (1.7738869434717357 (0.37 -0.03713863918341191 0.0))
    (1.774887443721861 (0.37 -0.03732452417937691 0.0))
    (1.775887943971986 (0.37 -0.03750938561289059 0.0))
    (1.776888444222111 (0.37 -0.037693203191526345 0.0))
    (1.7778889444722359 (0.37 -0.037875956737442776 0.0))
    (1.778889444722361 (0.37 -0.03805762618959817 0.0))
    (1.779889944972486 (0.37 -0.03823819160595296 0.0))
    (1.780890445222611 (0.37 -0.038417633165658875 0.0))
    (1.7818909454727363 (0.37 -0.03859593117123435 0.0))
    (1.7828914457228613 (0.37 -0.03877306605072682 0.0))
    (1.7838919459729863 (0.37 -0.03894901835986161 0.0))
    (1.7848924462231115 (0.37 -0.03912376878417562 0.0))
    (1.7858929464732365 (0.37 -0.03929729814113798 0.0))
    (1.7868934467233615 (0.37 -0.039469587382255755 0.0))
    (1.7878939469734867 (0.37 -0.03964061759516465 0.0))
    (1.7888944472236117 (0.37 -0.03981037000570506 0.0))
    (1.7898949474737367 (0.37 -0.039978825979983326 0.0))
    (1.7908954477238619 (0.37 -0.040145967026416686 0.0))
    (1.7918959479739869 (0.37 -0.04031177479776335 0.0))
    (1.7928964482241119 (0.37 -0.040476231093136666 0.0))
    (1.793896948474237 (0.37 -0.04063931786000265 0.0))
    (1.794897448724362 (0.37 -0.04080101719616187 0.0))
    (1.795897948974487 (0.37 -0.040961311351714776 0.0))
    (1.7968984492246123 (0.37 -0.04112018273100972 0.0))
    (1.7978989494747373 (0.37 -0.041277613894574565 0.0))
    (1.7988994497248623 (0.37 -0.04143358756103145 0.0))
    (1.7998999499749873 (0.37 -0.04158808660899305 0.0))
    (1.8009004502251125 (0.37 -0.041741094078942706 0.0))
    (1.8019009504752375 (0.37 -0.04189259317509564 0.0))
    (1.8029014507253625 (0.37 -0.04204256726724275 0.0))
    (1.8039019509754877 (0.37 -0.042190999892576374 0.0))
    (1.8049024512256127 (0.37 -0.04233787475749698 0.0))
    (1.8059029514757377 (0.37 -0.04248317573940204 0.0))
    (1.8069034517258629 (0.37 -0.0426268868884559 0.0))
    (1.8079039519759879 (0.37 -0.04276899242934035 0.0))
    (1.8089044522261128 (0.37 -0.042909476762986266 0.0))
    (1.809904952476238 (0.37 -0.04304832446828645 0.0))
    (1.810905452726363 (0.37 -0.04318552030378772 0.0))
    (1.811905952976488 (0.37 -0.04332104920936442 0.0))
    (1.8129064532266133 (0.37 -0.04345489630787157 0.0))
    (1.8139069534767382 (0.37 -0.043587046906777754 0.0))
    (1.8149074537268632 (0.37 -0.04371748649977797 0.0))
    (1.8159079539769885 (0.37 -0.04384620076838626 0.0))
    (1.8169084542271134 (0.37 -0.04397317558350711 0.0))
    (1.8179089544772384 (0.37 -0.044098397006986575 0.0))
    (1.8189094547273637 (0.37 -0.04422185129314246 0.0))
    (1.8199099549774886 (0.37 -0.044343524890272795 0.0))
    (1.8209104552276136 (0.37 -0.04446340444214372 0.0))
    (1.8219109554777388 (0.37 -0.04458147678945566 0.0))
    (1.8229114557278638 (0.37 -0.04469772897128759 0.0))
    (1.8239119559779888 (0.37 -0.04481214822651981 0.0))
    (1.8249124562281138 (0.37 -0.0449247219952351 0.0))
    (1.825912956478239 (0.37 -0.045035437920096885 0.0))
    (1.826913456728364 (0.37 -0.04514428384770609 0.0))
    (1.827913956978489 (0.37 -0.045251247829935226 0.0))
    (1.8289144572286142 (0.37 -0.045356318125239714 0.0))
    (1.8299149574787392 (0.37 -0.045459483199946915 0.0))
    (1.8309154577288642 (0.37 -0.0455607317295223 0.0))
    (1.8319159579789894 (0.37 -0.04566005259981231 0.0))
    (1.8329164582291144 (0.37 -0.04575743490826453 0.0))
    (1.8339169584792394 (0.37 -0.04585286796512453 0.0))
    (1.8349174587293646 (0.37 -0.04594634129460909 0.0))
    (1.8359179589794896 (0.37 -0.046037844636056216 0.0))
    (1.8369184592296146 (0.37 -0.04612736794505165 0.0))
    (1.8379189594797398 (0.37 -0.04621490139453116 0.0))
    (1.8389194597298648 (0.37 -0.04630043537585944 0.0))
    (1.8399199599799898 (0.37 -0.0463839604998849 0.0))
    (1.840920460230115 (0.37 -0.04646546759797013 0.0))
    (1.84192096048024 (0.37 -0.04654494772299852 0.0))
    (1.842921460730365 (0.37 -0.04662239215035639 0.0))
    (1.8439219609804902 (0.37 -0.04669779237889061 0.0))
    (1.8449224612306152 (0.37 -0.04677114013184175 0.0))
    (1.8459229614807402 (0.37 -0.046842427357752875 0.0))
    (1.8469234617308652 (0.37 -0.04691164623135301 0.0))
    (1.8479239619809904 (0.37 -0.04697878915441643 0.0))
    (1.8489244622311154 (0.37 -0.047043848756596535 0.0))
    (1.8499249624812404 (0.37 -0.04710681789623496 0.0))
    (1.8509254627313656 (0.37 -0.04716768966114561 0.0))
    (1.8519259629814906 (0.37 -0.047226457369373226 0.0))
    (1.8529264632316156 (0.37 -0.04728311456992702 0.0))
    (1.8539269634817408 (0.37 -0.04733765504348883 0.0))
    (1.8549274637318658 (0.37 -0.04739007280309568 0.0))
    (1.8559279639819908 (0.37 -0.047440362094797024 0.0))
    (1.856928464232116 (0.37 -0.04748851739828652 0.0))
    (1.857928964482241 (0.37 -0.04753453342750776 0.0))
    (1.858929464732366 (0.37 -0.04757840513123465 0.0))
    (1.8599299649824912 (0.37 -0.04762012769362593 0.0))
    (1.8609304652326162 (0.37 -0.047659696534753715 0.0))
    (1.8619309654827412 (0.37 -0.04769710731110625 0.0))
    (1.8629314657328664 (0.37 -0.04773235591606481 0.0))
    (1.8639319659829914 (0.37 -0.047765438480354375 0.0))
    (1.8649324662331164 (0.37 -0.047796351372468376 0.0))
    (1.8659329664832416 (0.37 -0.047825091199067395 0.0))
    (1.8669334667333666 (0.37 -0.047851654805351584 0.0))
    (1.8679339669834916 (0.37 -0.04787603927540701 0.0))
    (1.8689344672336168 (0.37 -0.04789824193252574 0.0))
    (1.8699349674837418 (0.37 -0.04791826033949964 0.0))
    (1.8709354677338668 (0.37 -0.047936092298887914 0.0))
    (1.8719359679839918 (0.37 -0.047951735853258355 0.0))
    (1.872936468234117 (0.37 -0.04796518928540218 0.0))
    (1.873936968484242 (0.37 -0.047976451118522515 0.0))
    (1.874937468734367 (0.37 -0.04798552011639656 0.0))
    (1.8759379689844922 (0.37 -0.04799239528351125 0.0))
    (1.8769384692346172 (0.37 -0.04799707586517252 0.0))
    (1.8779389694847421 (0.37 -0.047999561347588204 0.0))
    (1.8789394697348674 (0.37 -0.04799985145792437 0.0))
    (1.8799399699849924 (0.37 -0.04799794616433531 0.0))
    (1.8809404702351173 (0.37 -0.047993845675967046 0.0))
    (1.8819409704852426 (0.37 -0.04798755044293432 0.0))
    (1.8829414707353676 (0.37 -0.047979061156271235 0.0))
    (1.8839419709854925 (0.37 -0.047968378747855374 0.0))
    (1.8849424712356178 (0.37 -0.04795550439030551 0.0))
    (1.8859429714857427 (0.37 -0.04794043949685291 0.0))
    (1.8869434717358677 (0.37 -0.047923185721186146 0.0))
    (1.887943971985993 (0.37 -0.04790374495726964 0.0))
    (1.888944472236118 (0.37 -0.047882119339135706 0.0))
    (1.889944972486243 (0.37 -0.04785831124065032 0.0))
    (1.8909454727363681 (0.37 -0.04783232327525254 0.0))
    (1.8919459729864931 (0.37 -0.04780415829566763 0.0))
    (1.8929464732366181 (0.37 -0.047773819393593854 0.0))
    (1.8939469734867433 (0.37 -0.047741309899363205 0.0))
    (1.8949474737368683 (0.37 -0.04770663338157576 0.0))
    (1.8959479739869933 (0.37 -0.047669793646707925 0.0))
    (1.8969484742371183 (0.37 -0.04763079473869469 0.0))
    (1.8979489744872435 (0.37 -0.04758964093848561 0.0))
    (1.8989494747373685 (0.37 -0.047546336763574976 0.0))
    (1.8999499749874935 (0.37 -0.04750088696750589 0.0))
    (1.9009504752376187 (0.37 -0.0474532965393484 0.0))
    (1.9019509754877437 (0.37 -0.04740357070315196 0.0))
    (1.9029514757378687 (0.37 -0.047351714917371945 0.0))
    (1.903951975987994 (0.37 -0.04729773487427036 0.0))
    (1.904952476238119 (0.37 -0.04724163649929117 0.0))
    (1.905952976488244 (0.37 -0.04718342595040975 0.0))
    (1.9069534767383691 (0.37 -0.0471231096174569 0.0))
    (1.9079539769884941 (0.37 -0.047060694121417515 0.0))
    (1.908954477238619 (0.37 -0.04699618631370377 0.0))
    (1.9099549774887443 (0.37 -0.0469295932754029 0.0))
    (1.9109554777388693 (0.37 -0.04686092231650013 0.0))
    (1.9119559779889943 (0.37 -0.04679018097507609 0.0))
    (1.9129564782391195 (0.37 -0.046717377016479336 0.0))
    (1.9139569784892445 (0.37 -0.04664251843247408 0.0))
    (1.9149574787393695 (0.37 -0.046565613440362835 0.0))
    (1.9159579789894947 (0.37 -0.04648667048208433 0.0))
    (1.9169584792396197 (0.37 -0.046405698223286954 0.0))
    (1.9179589794897447 (0.37 -0.04632270555237753 0.0))
    (1.9189594797398697 (0.37 -0.04623770157954539 0.0))
    (1.919959979989995 (0.37 -0.046150695635762684 0.0))
    (1.92096048024012 (0.37 -0.04606169727175988 0.0))
    (1.9219609804902449 (0.37 -0.045970716256977365 0.0))
    (1.92296148074037 (0.37 -0.045877762578493186 0.0))
    (1.923961980990495 (0.37 -0.04578284643992671 0.0))
    (1.92496248124062 (0.37 -0.045685978260318394 0.0))
    (1.9259629814907453 (0.37 -0.045587168672986345 0.0))
    (1.9269634817408703 (0.37 -0.04548642852435895 0.0))
    (1.9279639819909953 (0.37 -0.04538376887278412 0.0))
    (1.9289644822411205 (0.37 -0.04527920098731575 0.0))
    (1.9299649824912455 (0.37 -0.045172736346476394 0.0))
    (1.9309654827413705 (0.37 -0.04506438663699732 0.0))
    (1.9319659829914957 (0.37 -0.04495416375253575 0.0))
    (1.9329664832416207 (0.37 -0.04484207979236929 0.0))
    (1.9339669834917457 (0.37 -0.044728147060067475 0.0))
    (1.9349674837418709 (0.37 -0.04461237806214169 0.0))
    (1.9359679839919959 (0.37 -0.04449478550667194 0.0))
    (1.9369684842421209 (0.37 -0.04437538230191193 0.0))
    (1.937968984492246 (0.37 -0.044254181554872235 0.0))
    (1.938969484742371 (0.37 -0.04413119656988154 0.0))
    (1.939969984992496 (0.37 -0.044006440847125954 0.0))
    (1.9409704852426213 (0.37 -0.04387992808116739 0.0))
    (1.9419709854927463 (0.37 -0.0437516721594402 0.0))
    (1.9429714857428713 (0.37 -0.04362168716072653 0.0))
    (1.9439719859929963 (0.37 -0.04348998735361133 0.0))
    (1.9449724862431215 (0.37 -0.04335658719491546 0.0))
    (1.9459729864932465 (0.37 -0.0432215013281094 0.0))
    (1.9469734867433715 (0.37 -0.04308474458170543 0.0))
    (1.9479739869934967 (0.37 -0.04294633196762982 0.0))
    (1.9489744872436217 (0.37 -0.04280627867957527 0.0))
    (1.9499749874937466 (0.37 -0.04266460009133296 0.0))
    (1.9509754877438719 (0.37 -0.04252131175510472 0.0))
    (1.9519759879939969 (0.37 -0.04237642939979622 0.0))
    (1.9529764882441218 (0.37 -0.04222996892929019 0.0))
    (1.953976988494247 (0.37 -0.042081946420700546 0.0))
    (1.954977488744372 (0.37 -0.04193237812260779 0.0))
    (1.955977988994497 (0.37 -0.04178128045327542 0.0))
    (1.9569784892446223 (0.37 -0.041628669998847304 0.0))
    (1.9579789894947472 (0.37 -0.04147456351152744 0.0))
    (1.9589794897448722 (0.37 -0.04131897790774089 0.0))
    (1.9599799899949975 (0.37 -0.041161930266276625 0.0))
    (1.9609804902451224 (0.37 -0.04100343782641322 0.0))
    (1.9619809904952474 (0.37 -0.040843517986026145 0.0))
    (1.9629814907453726 (0.37 -0.040682188299677936 0.0))
    (1.9639819909954976 (0.37 -0.04051946647669148 0.0))
    (1.9649824912456226 (0.37 -0.04035537037920603 0.0))
    (1.9659829914957476 (0.37 -0.04018991802021597 0.0))
    (1.9669834917458728 (0.37 -0.04002312756159425 0.0))
    (1.9679839919959978 (0.37 -0.039855017312098256 0.0))
    (1.9689844922461228 (0.37 -0.039685605725360014 0.0))
    (1.969984992496248 (0.37 -0.03951491139786079 0.0))
    (1.970985492746373 (0.37 -0.0393429530668897 0.0))
    (1.971985992996498 (0.37 -0.03916974960848653 0.0))
    (1.9729864932466232 (0.37 -0.03899532003537017 0.0))
    (1.9739869934967482 (0.37 -0.03881968349485136 0.0))
    (1.9749874937468732 (0.37 -0.038642859266730674 0.0))
    (1.9759879939969984 (0.37 -0.03846486676118262 0.0))
    (1.9769884942471234 (0.37 -0.03828572551662459 0.0))
    (1.9779889944972484 (0.37 -0.0381054551975721 0.0))
    (1.9789894947473736 (0.37 -0.03792407559248046 0.0))
    (1.9799899949974986 (0.37 -0.03774160661157254 0.0))
    (1.9809904952476236 (0.37 -0.037558068284652704 0.0))
    (1.9819909954977488 (0.37 -0.03737348075890891 0.0))
    (1.9829914957478738 (0.37 -0.0371878642967006 0.0))
    (1.9839919959979988 (0.37 -0.03700123927333448 0.0))
    (1.984992496248124 (0.37 -0.03681362617482816 0.0))
    (1.985992996498249 (0.37 -0.036625045595661376 0.0))
    (1.986993496748374 (0.37 -0.0364355182365149 0.0))
    (1.9879939969984992 (0.37 -0.036245064901998726 0.0))
    (1.9889944972486242 (0.37 -0.036053706498368095 0.0))
    (1.9899949974987492 (0.37 -0.03586146403122838 0.0))
    (1.9909954977488742 (0.37 -0.035668358603229894 0.0))
    (1.9919959979989994 (0.37 -0.035474411411750534 0.0))
    (1.9929964982491244 (0.37 -0.03527964374656986 0.0))
    (1.9939969984992494 (0.37 -0.03508407698753153 0.0))
    (1.9949974987493746 (0.37 -0.034887732602196374 0.0))
    (1.9959979989994996 (0.37 -0.03469063214348621 0.0))
    (1.9969984992496246 (0.37 -0.03449279724731791 0.0))
    (1.9979989994997498 (0.37 -0.03429424963022796 0.0))
    (1.9989994997498748 (0.37 -0.03409501108698921 0.0))
    (2.0 (0.37 -0.03389510348821805 0.0))
)
