(
    (0.0 (0.09 -0.028 0.0))
    (0.0010005002501250625 (0.09 -0.028 0.0))
    (0.002001000500250125 (0.09 -0.028 0.0))
    (0.003001500750375187 (0.09 -0.028 0.0))
    (0.00400200100050025 (0.09 -0.028 0.0))
    (0.0050025012506253125 (0.09 -0.028 0.0))
    (0.006003001500750374 (0.09 -0.028 0.0))
    (0.007003501750875437 (0.09 -0.028 0.0))
    (0.0080040020010005 (0.09 -0.028 0.0))
    (0.009004502251125562 (0.09 -0.028 0.0))
    (0.010005002501250625 (0.09 -0.028 0.0))
    (0.011005502751375688 (0.09 -0.028 0.0))
    (0.012006003001500749 (0.09 -0.028 0.0))
    (0.013006503251625811 (0.09 -0.028 0.0))
    (0.014007003501750874 (0.09 -0.028 0.0))
    (0.015007503751875937 (0.09 -0.028 0.0))
    (0.016008004002001 (0.09 -0.028 0.0))
    (0.01700850425212606 (0.09 -0.028 0.0))
    (0.018009004502251125 (0.09 -0.028 0.0))
    (0.019009504752376186 (0.09 -0.028 0.0))
    (0.02001000500250125 (0.09 -0.028 0.0))
    (0.02101050525262631 (0.09 -0.028 0.0))
    (0.022011005502751375 (0.09 -0.028 0.0))
    (0.023011505752876436 (0.09 -0.028 0.0))
    (0.024012006003001497 (0.09 -0.028 0.0))
    (0.02501250625312656 (0.09 -0.028 0.0))
    (0.026013006503251623 (0.09 -0.028 0.0))
    (0.027013506753376687 (0.09 -0.028 0.0))
    (0.028014007003501748 (0.09 -0.028 0.0))
    (0.029014507253626812 (0.09 -0.028 0.0))
    (0.030015007503751873 (0.09 -0.028 0.0))
    (0.031015507753876938 (0.09 -0.028 0.0))
    (0.032016008004002 (0.09 -0.028 0.0))
    (0.03301650825412706 (0.09 -0.028 0.0))
    (0.03401700850425212 (0.09 -0.028 0.0))
    (0.03501750875437719 (0.09 -0.028 0.0))
    (0.03601800900450225 (0.09 -0.028 0.0))
    (0.03701850925462731 (0.09 -0.028 0.0))
    (0.03801900950475237 (0.09 -0.028 0.0))
    (0.03901950975487744 (0.09 -0.028 0.0))
    (0.0400200100050025 (0.09 -0.028 0.0))
    (0.04102051025512756 (0.09 -0.028 0.0))
    (0.04202101050525262 (0.09 -0.028 0.0))
    (0.04302151075537768 (0.09 -0.028 0.0))
    (0.04402201100550275 (0.09 -0.028 0.0))
    (0.04502251125562781 (0.09 -0.028 0.0))
    (0.04602301150575287 (0.09 -0.028 0.0))
    (0.047023511755877934 (0.09 -0.028 0.0))
    (0.048024012006002995 (0.09 -0.028 0.0))
    (0.04902451225612806 (0.09 -0.028 0.0))
    (0.05002501250625312 (0.09 -0.028 0.0))
    (0.051025512756378184 (0.09 -0.028 0.0))
    (0.052026013006503245 (0.09 -0.028 0.0))
    (0.05302651325662831 (0.09 -0.028 0.0))
    (0.054027013506753374 (0.09 -0.028 0.0))
    (0.055027513756878435 (0.09 -0.028 0.0))
    (0.056028014007003496 (0.09 -0.028 0.0))
    (0.05702851425712856 (0.09 -0.028 0.0))
    (0.058029014507253625 (0.09 -0.028 0.0))
    (0.059029514757378686 (0.09 -0.028 0.0))
    (0.06003001500750375 (0.09 -0.028 0.0))
    (0.06103051525762881 (0.09 -0.028 0.0))
    (0.062031015507753876 (0.09 -0.028 0.0))
    (0.06303151575787894 (0.09 -0.028 0.0))
    (0.064032016008004 (0.09 -0.028 0.0))
    (0.06503251625812906 (0.09 -0.028 0.0))
    (0.06603301650825412 (0.09 -0.028 0.0))
    (0.06703351675837918 (0.09 -0.028 0.0))
    (0.06803401700850424 (0.09 -0.028 0.0))
    (0.06903451725862932 (0.09 -0.028 0.0))
    (0.07003501750875438 (0.09 -0.028 0.0))
    (0.07103551775887944 (0.09 -0.028 0.0))
    (0.0720360180090045 (0.09 -0.028 0.0))
    (0.07303651825912956 (0.09 -0.028 0.0))
    (0.07403701850925462 (0.09 -0.028 0.0))
    (0.07503751875937968 (0.09 -0.028 0.0))
    (0.07603801900950474 (0.09 -0.028 0.0))
    (0.0770385192596298 (0.09 -0.028 0.0))
    (0.07803901950975488 (0.09 -0.028 0.0))
    (0.07903951975987994 (0.09 -0.028 0.0))
    (0.080040020010005 (0.09 -0.028 0.0))
    (0.08104052026013006 (0.09 -0.028 0.0))
    (0.08204102051025512 (0.09 -0.028 0.0))
    (0.08304152076038018 (0.09 -0.028 0.0))
    (0.08404202101050524 (0.09 -0.028 0.0))
    (0.0850425212606303 (0.09 -0.028 0.0))
    (0.08604302151075537 (0.09 -0.028 0.0))
    (0.08704352176088044 (0.09 -0.028 0.0))
    (0.0880440220110055 (0.09 -0.028 0.0))
    (0.08904452226113056 (0.09 -0.028 0.0))
    (0.09004502251125562 (0.09 -0.028 0.0))
    (0.09104552276138068 (0.09 -0.028 0.0))
    (0.09204602301150575 (0.09 -0.028 0.0))
    (0.0930465232616308 (0.09 -0.028 0.0))
    (0.09404702351175587 (0.09 -0.028 0.0))
    (0.09504752376188093 (0.09 -0.028 0.0))
    (0.09604802401200599 (0.09 -0.028 0.0))
    (0.09704852426213106 (0.09 -0.028 0.0))
    (0.09804902451225612 (0.09 -0.028 0.0))
    (0.09904952476238119 (0.09 -0.028 0.0))
    (0.10005002501250625 (0.09 -0.028 0.0))
    (0.10105052526263131 (0.09 -0.028 0.0))
    (0.10205102551275637 (0.09 -0.028 0.0))
    (0.10305152576288143 (0.09 -0.028 0.0))
    (0.10405202601300649 (0.09 -0.028 0.0))
    (0.10505252626313155 (0.09 -0.028 0.0))
    (0.10605302651325663 (0.09 -0.028 0.0))
    (0.10705352676338169 (0.09 -0.028 0.0))
    (0.10805402701350675 (0.09 -0.028 0.0))
    (0.10905452726363181 (0.09 -0.028 0.0))
    (0.11005502751375687 (0.09 -0.028 0.0))
    (0.11105552776388193 (0.09 -0.028 0.0))
    (0.11205602801400699 (0.09 -0.028 0.0))
    (0.11305652826413205 (0.09 -0.028 0.0))
    (0.11405702851425711 (0.09 -0.028 0.0))
    (0.11505752876438219 (0.09 -0.028 0.0))
    (0.11605802901450725 (0.09 -0.028 0.0))
    (0.11705852926463231 (0.09 -0.028 0.0))
    (0.11805902951475737 (0.09 -0.028 0.0))
    (0.11905952976488243 (0.09 -0.028 0.0))
    (0.1200600300150075 (0.09 -0.028 0.0))
    (0.12106053026513255 (0.09 -0.028 0.0))
    (0.12206103051525762 (0.09 -0.028 0.0))
    (0.12306153076538268 (0.09 -0.028 0.0))
    (0.12406203101550775 (0.09 -0.028 0.0))
    (0.1250625312656328 (0.09 -0.028 0.0))
    (0.12606303151575787 (0.09 -0.028 0.0))
    (0.12706353176588292 (0.09 -0.028 0.0))
    (0.128064032016008 (0.09 -0.028 0.0))
    (0.12906453226613307 (0.09 -0.02810327493735193 0.0))
    (0.13006503251625812 (0.09 -0.028312806924131864 0.0))
    (0.1310655327663832 (0.09 -0.028522304573779328 0.0))
    (0.13206603301650824 (0.09 -0.028731744889525387 0.0))
    (0.1330665332666333 (0.09 -0.028941104880894738 0.0))
    (0.13406703351675836 (0.09 -0.02915036156622934 0.0))
    (0.13506753376688344 (0.09 -0.029359491975211188 0.0))
    (0.13606803401700848 (0.09 -0.029568473151383726 0.0))
    (0.13706853426713356 (0.09 -0.029777282154671868 0.0))
    (0.13806903451725863 (0.09 -0.029985896063900095 0.0))
    (0.13906953476738368 (0.09 -0.030194291979308566 0.0))
    (0.14007003501750875 (0.09 -0.030402447025066854 0.0))
    (0.1410705352676338 (0.09 -0.030610338351785022 0.0))
    (0.14207103551775888 (0.09 -0.030817943139021857 0.0))
    (0.14307153576788392 (0.09 -0.031025238597789846 0.0))
    (0.144072036018009 (0.09 -0.031232201973056806 0.0))
    (0.14507253626813404 (0.09 -0.03143881054624367 0.0))
    (0.14607303651825912 (0.09 -0.031645041637718384 0.0))
    (0.1470735367683842 (0.09 -0.03185087260928541 0.0))
    (0.14807403701850924 (0.09 -0.03205628086667079 0.0))
    (0.14907453726863432 (0.09 -0.032261243862002346 0.0))
    (0.15007503751875936 (0.09 -0.03246573909628474 0.0))
    (0.15107553776888444 (0.09 -0.03266974412186926 0.0))
    (0.15207603801900949 (0.09 -0.03287323654491787 0.0))
    (0.15307653826913456 (0.09 -0.03307619402786147 0.0))
    (0.1540770385192596 (0.09 -0.03327859429185185 0.0))
    (0.15507753876938468 (0.09 -0.033480415119207296 0.0))
    (0.15607803901950976 (0.09 -0.03368163435585144 0.0))
    (0.1570785392696348 (0.09 -0.033882229913745135 0.0))
    (0.15807903951975988 (0.09 -0.03408217977331107 0.0))
    (0.15907953976988493 (0.09 -0.034281461985850914 0.0))
    (0.16008004002001 (0.09 -0.034480054675954615 0.0))
    (0.16108054027013505 (0.09 -0.03467793604390168 0.0))
    (0.16208104052026012 (0.09 -0.03487508436805421 0.0))
    (0.16308154077038517 (0.09 -0.03507147800724121 0.0))
    (0.16408204102051024 (0.09 -0.035267095403134274 0.0))
    (0.16508254127063532 (0.09 -0.03546191508261397 0.0))
    (0.16608304152076037 (0.09 -0.03565591566012699 0.0))
    (0.16708354177088544 (0.09 -0.03584907584003374 0.0))
    (0.1680840420210105 (0.09 -0.036041374418945844 0.0))
    (0.16908454227113556 (0.09 -0.03623279028805381 0.0))
    (0.1700850425212606 (0.09 -0.03642330243544404 0.0))
    (0.17108554277138568 (0.09 -0.03661288994840541 0.0))
    (0.17208604302151073 (0.09 -0.03680153201572485 0.0))
    (0.1730865432716358 (0.09 -0.036989207929971804 0.0))
    (0.17408704352176088 (0.09 -0.037175897089771336 0.0))
    (0.17508754377188593 (0.09 -0.03736157900206551 0.0))
    (0.176088044022011 (0.09 -0.03754623328436301 0.0))
    (0.17708854427213605 (0.09 -0.03772983966697646 0.0))
    (0.17808904452226113 (0.09 -0.03791237799524754 0.0))
    (0.17908954477238617 (0.09 -0.038093828231759295 0.0))
    (0.18009004502251125 (0.09 -0.038274170458535726 0.0))
    (0.1810905452726363 (0.09 -0.03845338487922817 0.0))
    (0.18209104552276137 (0.09 -0.03863145182128838 0.0))
    (0.18309154577288644 (0.09 -0.03880835173812802 0.0))
    (0.1840920460230115 (0.09 -0.03898406521126427 0.0))
    (0.18509254627313657 (0.09 -0.03915857295245144 0.0))
    (0.1860930465232616 (0.09 -0.039331855805798246 0.0))
    (0.1870935467733867 (0.09 -0.039503894749870615 0.0))
    (0.18809404702351173 (0.09 -0.03967467089977962 0.0))
    (0.1890945472736368 (0.09 -0.03984416550925454 0.0))
    (0.19009504752376186 (0.09 -0.04001235997270065 0.0))
    (0.19109554777388693 (0.09 -0.04017923582724155 0.0))
    (0.19209604802401198 (0.09 -0.040344774754745884 0.0))
    (0.19309654827413705 (0.09 -0.04050895858383814 0.0))
    (0.19409704852426213 (0.09 -0.04067176929189332 0.0))
    (0.19509754877438718 (0.09 -0.0408331890070153 0.0))
    (0.19609804902451225 (0.09 -0.040993200009998676 0.0))
    (0.1970985492746373 (0.09 -0.041151784736273796 0.0))
    (0.19809904952476237 (0.09 -0.041308925777834835 0.0))
    (0.19909954977488742 (0.09 -0.041464605885150704 0.0))
    (0.2001000500250125 (0.09 -0.04161880796905856 0.0))
    (0.20110055027513754 (0.09 -0.041771515102639656 0.0))
    (0.20210105052526262 (0.09 -0.04192271052307747 0.0))
    (0.2031015507753877 (0.09 -0.042072377633497776 0.0))
    (0.20410205102551274 (0.09 -0.04222050000479045 0.0))
    (0.2051025512756378 (0.09 -0.04236706137741297 0.0))
    (0.20610305152576286 (0.09 -0.04251204566317521 0.0))
    (0.20710355177588793 (0.09 -0.04265543694700547 0.0))
    (0.20810405202601298 (0.09 -0.04279721948869746 0.0))
    (0.20910455227613806 (0.09 -0.04293737772463819 0.0))
    (0.2101050525262631 (0.09 -0.043075896269516294 0.0))
    (0.21110555277638818 (0.09 -0.043212759918011004 0.0))
    (0.21210605302651325 (0.09 -0.04334795364646117 0.0))
    (0.2131065532766383 (0.09 -0.04348146261451447 0.0))
    (0.21410705352676337 (0.09 -0.04361327216675644 0.0))
    (0.21510755377688842 (0.09 -0.043743367834319175 0.0))
    (0.2161080540270135 (0.09 -0.043871735336469674 0.0))
    (0.21710855427713854 (0.09 -0.04399836058217736 0.0))
    (0.21810905452726362 (0.09 -0.04412322967166095 0.0))
    (0.21910955477738867 (0.09 -0.04424632889791415 0.0))
    (0.22011005502751374 (0.09 -0.04436764474821039 0.0))
    (0.22111055527763882 (0.09 -0.04448716390558606 0.0))
    (0.22211105552776386 (0.09 -0.044604873250302365 0.0))
    (0.22311155577788894 (0.09 -0.04472075986128547 0.0))
    (0.22411205602801398 (0.09 -0.04483481101754485 0.0))
    (0.22511255627813906 (0.09 -0.04494701419956973 0.0))
    (0.2261130565282641 (0.09 -0.0450573570907033 0.0))
    (0.22711355677838918 (0.09 -0.045165827578494806 0.0))
    (0.22811405702851423 (0.09 -0.04527241375602907 0.0))
    (0.2291145572786393 (0.09 -0.04537710392323357 0.0))
    (0.23011505752876438 (0.09 -0.04547988658816275 0.0))
    (0.23111555777888942 (0.09 -0.04558075046825951 0.0))
    (0.2321160580290145 (0.09 -0.045679684491593715 0.0))
    (0.23311655827913955 (0.09 -0.045776677798077536 0.0))
    (0.23411705852926462 (0.09 -0.045871719740657624 0.0))
    (0.23511755877938967 (0.09 -0.045964799886483776 0.0))
    (0.23611805902951474 (0.09 -0.04605590801805426 0.0))
    (0.2371185592796398 (0.09 -0.04614503413433729 0.0))
    (0.23811905952976486 (0.09 -0.046232168451868935 0.0))
    (0.23911955977988994 (0.09 -0.04631730140582703 0.0))
    (0.240120060030015 (0.09 -0.04640042365108109 0.0))
    (0.24112056028014006 (0.09 -0.046481526063218176 0.0))
    (0.2421210605302651 (0.09 -0.04656059973954447 0.0))
    (0.24312156078039018 (0.09 -0.04663763600006253 0.0))
    (0.24412206103051523 (0.09 -0.046712626388424126 0.0))
    (0.2451225612806403 (0.09 -0.04678556267285846 0.0))
    (0.24612306153076535 (0.09 -0.046856436847075814 0.0))
    (0.24712356178089043 (0.09 -0.0469252411311464 0.0))
    (0.2481240620310155 (0.09 -0.046991967972354345 0.0))
    (0.24912456228114055 (0.09 -0.0470566100460268 0.0))
    (0.2501250625312656 (0.09 -0.047119160256337944 0.0))
    (0.2511255627813907 (0.09 -0.04717961173708793 0.0))
    (0.25212606303151575 (0.09 -0.04723795785245656 0.0))
    (0.2531265632816408 (0.09 -0.04729419219773173 0.0))
    (0.25412706353176584 (0.09 -0.047348308600012476 0.0))
    (0.25512756378189094 (0.09 -0.04740030111888657 0.0))
    (0.256128064032016 (0.09 -0.047450164047082646 0.0))
    (0.25712856428214104 (0.09 -0.047497891911096615 0.0))
    (0.25812906453226614 (0.09 -0.04754347947179258 0.0))
    (0.2591295647823912 (0.09 -0.047586921724977874 0.0))
    (0.26013006503251623 (0.09 -0.04762821390195244 0.0))
    (0.2611305652826413 (0.09 -0.047667351470032225 0.0))
    (0.2621310655327664 (0.09 -0.047704330133046806 0.0))
    (0.26313156578289143 (0.09 -0.04773914583181093 0.0))
    (0.2641320660330165 (0.09 -0.04777179474457013 0.0))
    (0.2651325662831415 (0.09 -0.04780227328742022 0.0))
    (0.2661330665332666 (0.09 -0.047830578114700734 0.0))
    (0.2671335667833917 (0.09 -0.04785670611936213 0.0))
    (0.2681340670335167 (0.09 -0.04788065443330693 0.0))
    (0.2691345672836418 (0.09 -0.04790242042770447 0.0))
    (0.27013506753376687 (0.09 -0.04792200171327954 0.0))
    (0.2711355677838919 (0.09 -0.0479393961405746 0.0))
    (0.27213606803401696 (0.09 -0.04795460180018579 0.0))
    (0.27313656828414207 (0.09 -0.04796761702297246 0.0))
    (0.2741370685342671 (0.09 -0.047978440380240434 0.0))
    (0.27513756878439216 (0.09 -0.047987070683898854 0.0))
    (0.27613806903451726 (0.09 -0.04799350698659055 0.0))
    (0.2771385692846423 (0.09 -0.04799774858179606 0.0))
    (0.27813906953476736 (0.09 -0.04799979500391119 0.0))
    (0.2791395697848924 (0.09 -0.047999646028298114 0.0))
    (0.2801400700350175 (0.09 -0.04799730167131004 0.0))
    (0.28114057028514255 (0.09 -0.047992762190289404 0.0))
    (0.2821410705352676 (0.09 -0.04798602808353963 0.0))
    (0.28314157078539265 (0.09 -0.047977100090270425 0.0))
    (0.28414207103551775 (0.09 -0.047965979190516636 0.0))
    (0.2851425712856428 (0.09 -0.04795266660503069 0.0))
    (0.28614307153576785 (0.09 -0.04793716379514856 0.0))
    (0.28714357178589295 (0.09 -0.047919472462629356 0.0))
    (0.288144072036018 (0.09 -0.047899594549468565 0.0))
    (0.28914457228614304 (0.09 -0.0478775322376848 0.0))
    (0.2901450725362681 (0.09 -0.047853287949080364 0.0))
    (0.2911455727863932 (0.09 -0.04782686434497532 0.0))
    (0.29214607303651824 (0.09 -0.04779826432591544 0.0))
    (0.2931465732866433 (0.09 -0.047767491031353734 0.0))
    (0.2941470735367684 (0.09 -0.04773454783930586 0.0))
    (0.29514757378689344 (0.09 -0.04769943836597937 0.0))
    (0.2961480740370185 (0.09 -0.04766216646537663 0.0))
    (0.29714857428714353 (0.09 -0.04762273622887189 0.0))
    (0.29814907453726863 (0.09 -0.04758115198476209 0.0))
    (0.2991495747873937 (0.09 -0.04753741829779179 0.0))
    (0.3001500750375187 (0.09 -0.047491539968652005 0.0))
    (0.3011505752876438 (0.09 -0.047443522033453374 0.0))
    (0.3021510755377689 (0.09 -0.04739336976317319 0.0))
    (0.3031515757878939 (0.09 -0.0473410886630769 0.0))
    (0.30415207603801897 (0.09 -0.04728668447211376 0.0))
    (0.3051525762881441 (0.09 -0.047230163162286815 0.0))
    (0.3061530765382691 (0.09 -0.04717153093799745 0.0))
    (0.30715357678839417 (0.09 -0.04711079423536421 0.0))
    (0.3081540770385192 (0.09 -0.047047959721516396 0.0))
    (0.3091545772886443 (0.09 -0.046983034293862136 0.0))
    (0.31015507753876936 (0.09 -0.04691602507933132 0.0))
    (0.3111555777888944 (0.09 -0.04684693943359319 0.0))
    (0.3121560780390195 (0.09 -0.04677578494024898 0.0))
    (0.31315657828914456 (0.09 -0.046702569409999395 0.0))
    (0.3141570785392696 (0.09 -0.04662730087978724 0.0))
    (0.31515757878939465 (0.09 -0.046549987611915214 0.0))
    (0.31615807903951976 (0.09 -0.04647063809313895 0.0))
    (0.3171585792896448 (0.09 -0.046389261033735384 0.0))
    (0.31815907953976985 (0.09 -0.04630586536654664 0.0))
    (0.3191595797898949 (0.09 -0.04622046024599946 0.0))
    (0.32016008004002 (0.09 -0.04613305504710033 0.0))
    (0.32116058029014505 (0.09 -0.04604365936440634 0.0))
    (0.3221610805402701 (0.09 -0.04595228301097201 0.0))
    (0.3231615807903952 (0.09 -0.045858936017272076 0.0))
    (0.32416208104052024 (0.09 -0.045763628630100465 0.0))
    (0.3251625812906453 (0.09 -0.045666371311445485 0.0))
    (0.32616308154077034 (0.09 -0.045567174737341384 0.0))
    (0.32716358179089544 (0.09 -0.045466049796696426 0.0))
    (0.3281640820410205 (0.09 -0.04536300759009765 0.0))
    (0.32916458229114554 (0.09 -0.045258059428592304 0.0))
    (0.33016508254127064 (0.09 -0.04515121683244623 0.0))
    (0.3311655827913957 (0.09 -0.045042491529879304 0.0))
    (0.33216608304152073 (0.09 -0.04493189545577794 0.0))
    (0.3331665832916458 (0.09 -0.04481944075038509 0.0))
    (0.3341670835417709 (0.09 -0.04470513975796749 0.0))
    (0.33516758379189593 (0.09 -0.04458900502546073 0.0))
    (0.336168084042021 (0.09 -0.044471049301091845 0.0))
    (0.337168584292146 (0.09 -0.04435128553298004 0.0))
    (0.3381690845422711 (0.09 -0.04422972686771526 0.0))
    (0.3391695847923962 (0.09 -0.04410638664891517 0.0))
    (0.3401700850425212 (0.09 -0.043981278415760355 0.0))
    (0.3411705852926463 (0.09 -0.0438544159015081 0.0))
    (0.34217108554277137 (0.09 -0.043725813031984945 0.0))
    (0.3431715857928964 (0.09 -0.043595483924057946 0.0))
    (0.34417208604302146 (0.09 -0.043463442884085136 0.0))
    (0.34517258629314657 (0.09 -0.04332970440634501 0.0))
    (0.3461730865432716 (0.09 -0.04319428317144557 0.0))
    (0.34717358679339666 (0.09 -0.043057194044712754 0.0))
    (0.34817408704352176 (0.09 -0.04291845207455866 0.0))
    (0.3491745872936468 (0.09 -0.042778072490829724 0.0))
    (0.35017508754377186 (0.09 -0.042636070703134826 0.0))
    (0.3511755877938969 (0.09 -0.04249246229915385 0.0))
    (0.352176088044022 (0.09 -0.04234726304292656 0.0))
    (0.35317658829414705 (0.09 -0.04220048887312221 0.0))
    (0.3541770885442721 (0.09 -0.04205215590128986 0.0))
    (0.35517758879439715 (0.09 -0.041902280410089886 0.0))
    (0.35617808904452225 (0.09 -0.04175087885150656 0.0))
    (0.3571785892946473 (0.09 -0.04159796784504212 0.0))
    (0.35817908954477234 (0.09 -0.04144356417589242 0.0))
    (0.35917958979489745 (0.09 -0.04128768479310441 0.0))
    (0.3601800900450225 (0.09 -0.04113034680771561 0.0))
    (0.36118059029514754 (0.09 -0.04097156749087584 0.0))
    (0.3621810905452726 (0.09 -0.04081136427195131 0.0))
    (0.3631815907953977 (0.09 -0.040649754736611414 0.0))
    (0.36418209104552274 (0.09 -0.04048675662489833 0.0))
    (0.3651825912956478 (0.09 -0.040322387829279674 0.0))
    (0.3661830915457729 (0.09 -0.040156666392684365 0.0))
    (0.36718359179589793 (0.09 -0.03998961050652217 0.0))
    (0.368184092046023 (0.09 -0.039821238508686685 0.0))
    (0.36918459229614803 (0.09 -0.039651568881542434 0.0))
    (0.37018509254627313 (0.09 -0.03948062024989599 0.0))
    (0.3711855927963982 (0.09 -0.0393084113789516 0.0))
    (0.3721860930465232 (0.09 -0.03913496117225121 0.0))
    (0.3731865932966483 (0.09 -0.03896028866959947 0.0))
    (0.3741870935467734 (0.09 -0.03878441304497367 0.0))
    (0.3751875937968984 (0.09 -0.038607353604419054 0.0))
    (0.37618809404702347 (0.09 -0.0384291297839295 0.0))
    (0.37718859429714857 (0.09 -0.03824976114731405 0.0))
    (0.3781890945472736 (0.09 -0.03806926738404941 0.0))
    (0.37918959479739867 (0.09 -0.03788766830711854 0.0))
    (0.3801900950475237 (0.09 -0.03770498385083582 0.0))
    (0.3811905952976488 (0.09 -0.03752123406865879 0.0))
    (0.38219109554777386 (0.09 -0.0373364391309869 0.0))
    (0.3831915957978989 (0.09 -0.03715061932294743 0.0))
    (0.38419209604802396 (0.09 -0.03696379504216863 0.0))
    (0.38519259629814906 (0.09 -0.0367759867965408 0.0))
    (0.3861930965482741 (0.09 -0.03658721520196506 0.0))
    (0.38719359679839915 (0.09 -0.03639750098009026 0.0))
    (0.38819409704852426 (0.09 -0.03620686495603844 0.0))
    (0.3891945972986493 (0.09 -0.036015328056118845 0.0))
    (0.39019509754877435 (0.09 -0.03582291130553066 0.0))
    (0.3911955977988994 (0.09 -0.035629635826055286 0.0))
    (0.3921960980490245 (0.09 -0.035435522833737576 0.0))
    (0.39319659829914955 (0.09 -0.035240593636557065 0.0))
    (0.3941970985492746 (0.09 -0.03504486963208893 0.0))
    (0.3951975987993997 (0.09 -0.03484837230515508 0.0))
    (0.39619809904952474 (0.09 -0.034651123225465874 0.0))
    (0.3971985992996498 (0.09 -0.034453144045252355 0.0))
    (0.39819909954977484 (0.09 -0.03425445649688933 0.0))
    (0.39919959979989994 (0.09 -0.03405508239051001 0.0))
    (0.400200100050025 (0.09 -0.03385504361161172 0.0))
    (0.40120060030015003 (0.09 -0.03365436211865355 0.0))
    (0.4022011005502751 (0.09 -0.03345305994064602 0.0))
    (0.4032016008004002 (0.09 -0.033251159174732786 0.0))
    (0.40420210105052523 (0.09 -0.03304868198376517 0.0))
    (0.4052026013006503 (0.09 -0.03284565059386926 0.0))
    (0.4062031015507754 (0.09 -0.03264208729200607 0.0))
    (0.4072036018009004 (0.09 -0.032438014423525174 0.0))
    (0.4082041020510255 (0.09 -0.03223345438971179 0.0))
    (0.4092046023011505 (0.09 -0.03202842964532771 0.0))
    (0.4102051025512756 (0.09 -0.031822962696146546 0.0))
    (0.41120560280140067 (0.09 -0.031617076096483156 0.0))
    (0.4122061030515257 (0.09 -0.03141079244671781 0.0))
    (0.4132066033016508 (0.09 -0.031204134390815427 0.0))
    (0.41420710355177587 (0.09 -0.03099712461383987 0.0))
    (0.4152076038019009 (0.09 -0.030789785839463714 0.0))
    (0.41620810405202596 (0.09 -0.030582140827474003 0.0))
    (0.41720860430215106 (0.09 -0.03037421237127369 0.0))
    (0.4182091045522761 (0.09 -0.03016602329537977 0.0))
    (0.41920960480240116 (0.09 -0.029957596452917717 0.0))
    (0.4202101050525262 (0.09 -0.029748954723112814 0.0))
    (0.4212106053026513 (0.09 -0.02954012100877881 0.0))
    (0.42221110555277636 (0.09 -0.029331118233803796 0.0))
    (0.4232116058029014 (0.09 -0.02912196934063376 0.0))
    (0.4242121060530265 (0.09 -0.02891269728775428 0.0))
    (0.42521260630315155 (0.09 -0.02870332504717032 0.0))
    (0.4262131065532766 (0.09 -0.028493875601884464 0.0))
    (0.42721360680340165 (0.09 -0.028284371943374242 0.0))
    (0.42821410705352675 (0.09 -0.02807483706906811 0.0))
    (0.4292146073036518 (0.09 -0.028 0.0))
    (0.43021510755377684 (0.09 -0.028 0.0))
    (0.43121560780390195 (0.09 -0.028 0.0))
    (0.432216108054027 (0.09 -0.028 0.0))
    (0.43321660830415204 (0.09 -0.028 0.0))
    (0.4342171085542771 (0.09 -0.028 0.0))
    (0.4352176088044022 (0.09 -0.028 0.0))
    (0.43621810905452724 (0.09 -0.028 0.0))
    (0.4372186093046523 (0.09 -0.028 0.0))
    (0.43821910955477733 (0.09 -0.028 0.0))
    (0.43921960980490243 (0.09 -0.028 0.0))
    (0.4402201100550275 (0.09 -0.028 0.0))
    (0.4412206103051525 (0.09 -0.028 0.0))
    (0.44222111055527763 (0.09 -0.028 0.0))
    (0.4432216108054027 (0.09 -0.028 0.0))
    (0.4442221110555277 (0.09 -0.028 0.0))
    (0.44522261130565277 (0.09 -0.028 0.0))
    (0.4462231115557779 (0.09 -0.028 0.0))
    (0.4472236118059029 (0.09 -0.028 0.0))
    (0.44822411205602797 (0.09 -0.028 0.0))
    (0.44922461230615307 (0.09 -0.028 0.0))
    (0.4502251125562781 (0.09 -0.028 0.0))
    (0.45122561280640316 (0.09 -0.028 0.0))
    (0.4522261130565282 (0.09 -0.028 0.0))
    (0.4532266133066533 (0.09 -0.028 0.0))
    (0.45422711355677836 (0.09 -0.028 0.0))
    (0.4552276138069034 (0.09 -0.028 0.0))
    (0.45622811405702846 (0.09 -0.028 0.0))
    (0.45722861430715356 (0.09 -0.028 0.0))
    (0.4582291145572786 (0.09 -0.028 0.0))
    (0.45922961480740365 (0.09 -0.028 0.0))
    (0.46023011505752875 (0.09 -0.028 0.0))
    (0.4612306153076538 (0.09 -0.028 0.0))
    (0.46223111555777885 (0.09 -0.028 0.0))
    (0.4632316158079039 (0.09 -0.028 0.0))
    (0.464232116058029 (0.09 -0.028 0.0))
    (0.46523261630815405 (0.09 -0.028 0.0))
    (0.4662331165582791 (0.09 -0.028 0.0))
    (0.4672336168084042 (0.09 -0.028 0.0))
    (0.46823411705852924 (0.09 -0.028 0.0))
    (0.4692346173086543 (0.09 -0.028 0.0))
    (0.47023511755877934 (0.09 -0.028 0.0))
    (0.47123561780890444 (0.09 -0.028 0.0))
    (0.4722361180590295 (0.09 -0.028 0.0))
    (0.47323661830915453 (0.09 -0.028 0.0))
    (0.4742371185592796 (0.09 -0.028 0.0))
    (0.4752376188094047 (0.09 -0.028 0.0))
    (0.47623811905952973 (0.09 -0.028 0.0))
    (0.4772386193096548 (0.09 -0.028 0.0))
    (0.4782391195597799 (0.09 -0.028 0.0))
    (0.4792396198099049 (0.09 -0.028 0.0))
    (0.48024012006003 (0.09 -0.028 0.0))
    (0.481240620310155 (0.09 -0.028 0.0))
    (0.4822411205602801 (0.09 -0.028 0.0))
    (0.48324162081040517 (0.09 -0.028 0.0))
    (0.4842421210605302 (0.09 -0.028 0.0))
    (0.4852426213106553 (0.09 -0.028 0.0))
    (0.48624312156078037 (0.09 -0.028 0.0))
    (0.4872436218109054 (0.09 -0.028 0.0))
    (0.48824412206103046 (0.09 -0.028 0.0))
    (0.48924462231115556 (0.09 -0.028 0.0))
    (0.4902451225612806 (0.09 -0.028 0.0))
    (0.49124562281140566 (0.09 -0.028 0.0))
    (0.4922461230615307 (0.09 -0.028 0.0))
    (0.4932466233116558 (0.09 -0.028 0.0))
    (0.49424712356178085 (0.09 -0.028 0.0))
    (0.4952476238119059 (0.09 -0.028 0.0))
    (0.496248124062031 (0.09 -0.028 0.0))
    (0.49724862431215605 (0.09 -0.028 0.0))
    (0.4982491245622811 (0.09 -0.028 0.0))
    (0.49924962481240615 (0.09 -0.028 0.0))
    (0.5002501250625312 (0.09 -0.028 0.0))
    (0.5012506253126563 (0.09 -0.028 0.0))
    (0.5022511255627814 (0.09 -0.028 0.0))
    (0.5032516258129064 (0.09 -0.028 0.0))
    (0.5042521260630315 (0.09 -0.028 0.0))
    (0.5052526263131566 (0.09 -0.028 0.0))
    (0.5062531265632816 (0.09 -0.028 0.0))
    (0.5072536268134067 (0.09 -0.028 0.0))
    (0.5082541270635317 (0.09 -0.028 0.0))
    (0.5092546273136568 (0.09 -0.028 0.0))
    (0.5102551275637819 (0.09 -0.028 0.0))
    (0.5112556278139069 (0.09 -0.028 0.0))
    (0.512256128064032 (0.09 -0.028 0.0))
    (0.5132566283141571 (0.09 -0.028 0.0))
    (0.5142571285642821 (0.09 -0.028 0.0))
    (0.5152576288144072 (0.09 -0.028 0.0))
    (0.5162581290645323 (0.09 -0.028 0.0))
    (0.5172586293146573 (0.09 -0.028 0.0))
    (0.5182591295647824 (0.09 -0.028 0.0))
    (0.5192596298149074 (0.09 -0.028 0.0))
    (0.5202601300650325 (0.09 -0.028 0.0))
    (0.5212606303151576 (0.09 -0.028 0.0))
    (0.5222611305652826 (0.09 -0.028 0.0))
    (0.5232616308154077 (0.09 -0.028 0.0))
    (0.5242621310655328 (0.09 -0.028 0.0))
    (0.5252626313156578 (0.09 -0.028 0.0))
    (0.5262631315657829 (0.09 -0.028 0.0))
    (0.527263631815908 (0.09 -0.028 0.0))
    (0.528264132066033 (0.09 -0.028 0.0))
    (0.5292646323161581 (0.09 -0.028 0.0))
    (0.530265132566283 (0.09 -0.028 0.0))
    (0.5312656328164082 (0.09 -0.028 0.0))
    (0.5322661330665333 (0.09 -0.028 0.0))
    (0.5332666333166582 (0.09 -0.028 0.0))
    (0.5342671335667833 (0.09 -0.028 0.0))
    (0.5352676338169085 (0.09 -0.028 0.0))
    (0.5362681340670334 (0.09 -0.028 0.0))
    (0.5372686343171585 (0.09 -0.028 0.0))
    (0.5382691345672836 (0.09 -0.028 0.0))
    (0.5392696348174086 (0.09 -0.028 0.0))
    (0.5402701350675337 (0.09 -0.028 0.0))
    (0.5412706353176588 (0.09 -0.028 0.0))
    (0.5422711355677838 (0.09 -0.028 0.0))
    (0.5432716358179089 (0.09 -0.028 0.0))
    (0.5442721360680339 (0.09 -0.028 0.0))
    (0.545272636318159 (0.09 -0.028 0.0))
    (0.5462731365682841 (0.09 -0.028 0.0))
    (0.5472736368184091 (0.09 -0.028 0.0))
    (0.5482741370685342 (0.09 -0.028 0.0))
    (0.5492746373186593 (0.09 -0.028 0.0))
    (0.5502751375687843 (0.09 -0.028 0.0))
    (0.5512756378189094 (0.09 -0.028 0.0))
    (0.5522761380690345 (0.09 -0.028 0.0))
    (0.5532766383191595 (0.09 -0.028 0.0))
    (0.5542771385692846 (0.09 -0.028 0.0))
    (0.5552776388194096 (0.09 -0.028 0.0))
    (0.5562781390695347 (0.09 -0.028 0.0))
    (0.5572786393196598 (0.09 -0.028 0.0))
    (0.5582791395697848 (0.09 -0.028 0.0))
    (0.5592796398199099 (0.09 -0.028 0.0))
    (0.560280140070035 (0.09 -0.028 0.0))
    (0.56128064032016 (0.09 -0.028 0.0))
    (0.5622811405702851 (0.09 -0.028 0.0))
    (0.5632816408204102 (0.09 -0.028 0.0))
    (0.5642821410705352 (0.09 -0.028 0.0))
    (0.5652826413206603 (0.09 -0.028 0.0))
    (0.5662831415707853 (0.09 -0.028 0.0))
    (0.5672836418209104 (0.09 -0.028 0.0))
    (0.5682841420710355 (0.09 -0.028 0.0))
    (0.5692846423211605 (0.09 -0.028 0.0))
    (0.5702851425712856 (0.09 -0.028 0.0))
    (0.5712856428214107 (0.09 -0.028 0.0))
    (0.5722861430715357 (0.09 -0.028 0.0))
    (0.5732866433216608 (0.09 -0.028 0.0))
    (0.5742871435717859 (0.09 -0.028 0.0))
    (0.5752876438219109 (0.09 -0.028 0.0))
    (0.576288144072036 (0.09 -0.028 0.0))
    (0.5772886443221611 (0.09 -0.028 0.0))
    (0.5782891445722861 (0.09 -0.028 0.0))
    (0.5792896448224112 (0.09 -0.028 0.0))
    (0.5802901450725362 (0.09 -0.028 0.0))
    (0.5812906453226613 (0.09 -0.028 0.0))
    (0.5822911455727864 (0.09 -0.028 0.0))
    (0.5832916458229114 (0.09 -0.028 0.0))
    (0.5842921460730365 (0.09 -0.028 0.0))
    (0.5852926463231616 (0.09 -0.028 0.0))
    (0.5862931465732866 (0.09 -0.028 0.0))
    (0.5872936468234117 (0.09 -0.028 0.0))
    (0.5882941470735368 (0.09 -0.028 0.0))
    (0.5892946473236618 (0.09 -0.028 0.0))
    (0.5902951475737869 (0.09 -0.028 0.0))
    (0.5912956478239119 (0.09 -0.028 0.0))
    (0.592296148074037 (0.09 -0.028 0.0))
    (0.5932966483241621 (0.09 -0.028 0.0))
    (0.5942971485742871 (0.09 -0.028 0.0))
    (0.5952976488244122 (0.09 -0.028 0.0))
    (0.5962981490745373 (0.09 -0.028 0.0))
    (0.5972986493246623 (0.09 -0.028 0.0))
    (0.5982991495747874 (0.09 -0.028 0.0))
    (0.5992996498249125 (0.09 -0.028 0.0))
    (0.6003001500750375 (0.09 -0.028 0.0))
    (0.6013006503251626 (0.09 -0.028 0.0))
    (0.6023011505752875 (0.09 -0.028 0.0))
    (0.6033016508254126 (0.09 -0.028 0.0))
    (0.6043021510755378 (0.09 -0.028 0.0))
    (0.6053026513256627 (0.09 -0.028 0.0))
    (0.6063031515757878 (0.09 -0.028 0.0))
    (0.607303651825913 (0.09 -0.028 0.0))
    (0.6083041520760379 (0.09 -0.028 0.0))
    (0.609304652326163 (0.09 -0.028 0.0))
    (0.6103051525762881 (0.09 -0.028 0.0))
    (0.6113056528264131 (0.09 -0.028 0.0))
    (0.6123061530765382 (0.09 -0.028 0.0))
    (0.6133066533266633 (0.09 -0.028 0.0))
    (0.6143071535767883 (0.09 -0.028 0.0))
    (0.6153076538269134 (0.09 -0.028 0.0))
    (0.6163081540770384 (0.09 -0.028 0.0))
    (0.6173086543271635 (0.09 -0.028 0.0))
    (0.6183091545772886 (0.09 -0.028 0.0))
    (0.6193096548274136 (0.09 -0.028 0.0))
    (0.6203101550775387 (0.09 -0.028 0.0))
    (0.6213106553276638 (0.09 -0.028 0.0))
    (0.6223111555777888 (0.09 -0.028 0.0))
    (0.6233116558279139 (0.09 -0.028 0.0))
    (0.624312156078039 (0.09 -0.028 0.0))
    (0.625312656328164 (0.09 -0.028 0.0))
    (0.6263131565782891 (0.09 -0.028 0.0))
    (0.6273136568284141 (0.09 -0.028 0.0))
    (0.6283141570785392 (0.09 -0.028 0.0))
    (0.6293146573286643 (0.09 -0.028 0.0))
    (0.6303151575787893 (0.09 -0.028 0.0))
    (0.6313156578289144 (0.09 -0.028 0.0))
    (0.6323161580790395 (0.09 -0.028 0.0))
    (0.6333166583291645 (0.09 -0.028 0.0))
    (0.6343171585792896 (0.09 -0.028 0.0))
    (0.6353176588294147 (0.09 -0.028 0.0))
    (0.6363181590795397 (0.09 -0.028 0.0))
    (0.6373186593296648 (0.09 -0.028 0.0))
    (0.6383191595797898 (0.09 -0.028 0.0))
    (0.6393196598299149 (0.09 -0.028 0.0))
    (0.64032016008004 (0.09 -0.028 0.0))
    (0.641320660330165 (0.09 -0.028 0.0))
    (0.6423211605802901 (0.09 -0.028 0.0))
    (0.6433216608304152 (0.09 -0.028 0.0))
    (0.6443221610805402 (0.09 -0.028 0.0))
    (0.6453226613306653 (0.09 -0.028 0.0))
    (0.6463231615807904 (0.09 -0.028 0.0))
    (0.6473236618309154 (0.09 -0.028 0.0))
    (0.6483241620810405 (0.09 -0.028 0.0))
    (0.6493246623311655 (0.09 -0.028 0.0))
    (0.6503251625812906 (0.09 -0.028 0.0))
    (0.6513256628314157 (0.09 -0.028 0.0))
    (0.6523261630815407 (0.09 -0.028 0.0))
    (0.6533266633316658 (0.09 -0.028 0.0))
    (0.6543271635817909 (0.09 -0.028 0.0))
    (0.6553276638319159 (0.09 -0.028 0.0))
    (0.656328164082041 (0.09 -0.028 0.0))
    (0.6573286643321661 (0.09 -0.028 0.0))
    (0.6583291645822911 (0.09 -0.028 0.0))
    (0.6593296648324162 (0.09 -0.028 0.0))
    (0.6603301650825413 (0.09 -0.028 0.0))
    (0.6613306653326663 (0.09 -0.028 0.0))
    (0.6623311655827914 (0.09 -0.028 0.0))
    (0.6633316658329164 (0.09 -0.028 0.0))
    (0.6643321660830415 (0.09 -0.028 0.0))
    (0.6653326663331666 (0.09 -0.028 0.0))
    (0.6663331665832916 (0.09 -0.028 0.0))
    (0.6673336668334167 (0.09 -0.028 0.0))
    (0.6683341670835418 (0.09 -0.028 0.0))
    (0.6693346673336668 (0.09 -0.028 0.0))
    (0.6703351675837919 (0.09 -0.028 0.0))
    (0.671335667833917 (0.09 -0.028 0.0))
    (0.672336168084042 (0.09 -0.028 0.0))
    (0.673336668334167 (0.09 -0.028 0.0))
    (0.674337168584292 (0.09 -0.028 0.0))
    (0.6753376688344171 (0.09 -0.028 0.0))
    (0.6763381690845423 (0.09 -0.028 0.0))
    (0.6773386693346672 (0.09 -0.028 0.0))
    (0.6783391695847923 (0.09 -0.028 0.0))
    (0.6793396698349174 (0.09 -0.028 0.0))
    (0.6803401700850424 (0.09 -0.028 0.0))
    (0.6813406703351675 (0.09 -0.028 0.0))
    (0.6823411705852926 (0.09 -0.028 0.0))
    (0.6833416708354176 (0.09 -0.028 0.0))
    (0.6843421710855427 (0.09 -0.028 0.0))
    (0.6853426713356677 (0.09 -0.028 0.0))
    (0.6863431715857928 (0.09 -0.028 0.0))
    (0.6873436718359179 (0.09 -0.028 0.0))
    (0.6883441720860429 (0.09 -0.028 0.0))
    (0.689344672336168 (0.09 -0.028 0.0))
    (0.6903451725862931 (0.09 -0.028 0.0))
    (0.6913456728364181 (0.09 -0.028 0.0))
    (0.6923461730865432 (0.09 -0.028 0.0))
    (0.6933466733366683 (0.09 -0.028 0.0))
    (0.6943471735867933 (0.09 -0.028 0.0))
    (0.6953476738369184 (0.09 -0.028 0.0))
    (0.6963481740870435 (0.09 -0.028 0.0))
    (0.6973486743371685 (0.09 -0.028 0.0))
    (0.6983491745872936 (0.09 -0.028 0.0))
    (0.6993496748374186 (0.09 -0.028 0.0))
    (0.7003501750875437 (0.09 -0.028 0.0))
    (0.7013506753376688 (0.09 -0.028 0.0))
    (0.7023511755877938 (0.09 -0.028 0.0))
    (0.7033516758379189 (0.09 -0.028 0.0))
    (0.704352176088044 (0.09 -0.028 0.0))
    (0.705352676338169 (0.09 -0.028 0.0))
    (0.7063531765882941 (0.09 -0.028 0.0))
    (0.7073536768384192 (0.09 -0.028 0.0))
    (0.7083541770885442 (0.09 -0.028 0.0))
    (0.7093546773386693 (0.09 -0.028 0.0))
    (0.7103551775887943 (0.09 -0.028 0.0))
    (0.7113556778389194 (0.09 -0.028 0.0))
    (0.7123561780890445 (0.09 -0.028 0.0))
    (0.7133566783391695 (0.09 -0.028 0.0))
    (0.7143571785892946 (0.09 -0.028 0.0))
    (0.7153576788394197 (0.09 -0.028 0.0))
    (0.7163581790895447 (0.09 -0.028 0.0))
    (0.7173586793396698 (0.09 -0.028 0.0))
    (0.7183591795897949 (0.09 -0.028 0.0))
    (0.7193596798399199 (0.09 -0.028 0.0))
    (0.720360180090045 (0.09 -0.028 0.0))
    (0.72136068034017 (0.09 -0.028 0.0))
    (0.7223611805902951 (0.09 -0.028 0.0))
    (0.7233616808404202 (0.09 -0.028 0.0))
    (0.7243621810905452 (0.09 -0.028 0.0))
    (0.7253626813406703 (0.09 -0.028 0.0))
    (0.7263631815907954 (0.09 -0.028 0.0))
    (0.7273636818409204 (0.09 -0.028 0.0))
    (0.7283641820910455 (0.09 -0.028 0.0))
    (0.7293646823411706 (0.09 -0.028166136770299333 0.0))
    (0.7303651825912956 (0.09 -0.028375660870873336 0.0))
    (0.7313656828414207 (0.09 -0.028585143734773583 0.0))
    (0.7323661830915458 (0.09 -0.028794562366854147 0.0))
    (0.7333666833416708 (0.09 -0.02900389377901995 0.0))
    (0.7343671835917959 (0.09 -0.029213114992750186 0.0))
    (0.7353676838419209 (0.09 -0.029422203041620517 0.0))
    (0.736368184092046 (0.09 -0.02963113497382437 0.0))
    (0.7373686843421711 (0.09 -0.0298398878546922 0.0))
    (0.7383691845922961 (0.09 -0.030048438769209065 0.0))
    (0.7393696848424212 (0.09 -0.030256764824530186 0.0))
    (0.7403701850925463 (0.09 -0.03046484315249369 0.0))
    (0.7413706853426713 (0.09 -0.030672650912131037 0.0))
    (0.7423711855927964 (0.09 -0.030880165292174296 0.0))
    (0.7433716858429215 (0.09 -0.031087363513560007 0.0))
    (0.7443721860930465 (0.09 -0.03129422283192982 0.0))
    (0.7453726863431716 (0.09 -0.03150072054012717 0.0))
    (0.7463731865932965 (0.09 -0.031706833970689664 0.0))
    (0.7473736868434216 (0.09 -0.03191254049833761 0.0))
    (0.7483741870935467 (0.09 -0.03211781754245735 0.0))
    (0.7493746873436717 (0.09 -0.03232264256958008 0.0))
    (0.7503751875937968 (0.09 -0.03252699309585546 0.0))
    (0.751375687843922 (0.09 -0.03273084668951944 0.0))
    (0.7523761880940469 (0.09 -0.032934180973356854 0.0))
    (0.753376688344172 (0.09 -0.03313697362715772 0.0))
    (0.7543771885942971 (0.09 -0.03333920239016726 0.0))
    (0.7553776888444221 (0.09 -0.033540845063529605 0.0))
    (0.7563781890945472 (0.09 -0.033741879512724525 0.0))
    (0.7573786893446722 (0.09 -0.03394228366999717 0.0))
    (0.7583791895947973 (0.09 -0.034142035536780524 0.0))
    (0.7593796898449224 (0.09 -0.034341113186110064 0.0))
    (0.7603801900950474 (0.09 -0.03453949476503087 0.0))
    (0.7613806903451725 (0.09 -0.034737158496996344 0.0))
    (0.7623811905952976 (0.09 -0.034934082684258703 0.0))
    (0.7633816908454226 (0.09 -0.03513024571025066 0.0))
    (0.7643821910955477 (0.09 -0.03532562604195849 0.0))
    (0.7653826913456728 (0.09 -0.035520202232285525 0.0))
    (0.7663831915957978 (0.09 -0.0357139529224065 0.0))
    (0.7673836918459229 (0.09 -0.035906856844112205 0.0))
    (0.7683841920960479 (0.09 -0.03609889282214402 0.0))
    (0.769384692346173 (0.09 -0.03629003977651839 0.0))
    (0.7703851925962981 (0.09 -0.03648027672484077 0.0))
    (0.7713856928464231 (0.09 -0.03666958278460889 0.0))
    (0.7723861930965482 (0.09 -0.03685793717550512 0.0))
    (0.7733866933466733 (0.09 -0.03704531922167743 0.0))
    (0.7743871935967983 (0.09 -0.03723170835400903 0.0))
    (0.7753876938469234 (0.09 -0.03741708411237637 0.0))
    (0.7763881940970485 (0.09 -0.03760142614789493 0.0))
    (0.7773886943471735 (0.09 -0.03778471422515298 0.0))
    (0.7783891945972986 (0.09 -0.0379669282244329 0.0))
    (0.7793896948474237 (0.09 -0.03814804814391966 0.0))
    (0.7803901950975487 (0.09 -0.038328054101896464 0.0))
    (0.7813906953476738 (0.09 -0.038506926338927286 0.0))
    (0.7823911955977988 (0.09 -0.038684645220025654 0.0))
    (0.7833916958479239 (0.09 -0.038861191236810276 0.0))
    (0.784392196098049 (0.09 -0.0390365450096463 0.0))
    (0.785392696348174 (0.09 -0.03921068728977266 0.0))
    (0.7863931965982991 (0.09 -0.03938359896141517 0.0))
    (0.7873936968484242 (0.09 -0.03955526104388469 0.0))
    (0.7883941970985492 (0.09 -0.03972565469366078 0.0))
    (0.7893946973486743 (0.09 -0.03989476120646018 0.0))
    (0.7903951975987994 (0.09 -0.0400625620192899 0.0))
    (0.7913956978489244 (0.09 -0.040229038712484975 0.0))
    (0.7923961980990495 (0.09 -0.0403941730117304 0.0))
    (0.7933966983491745 (0.09 -0.040557946790067086 0.0))
    (0.7943971985992996 (0.09 -0.040720342069881774 0.0))
    (0.7953976988494247 (0.09 -0.04088134102488027 0.0))
    (0.7963981990995497 (0.09 -0.04104092598204445 0.0))
    (0.7973986993496748 (0.09 -0.04119907942357216 0.0))
    (0.7983991995997999 (0.09 -0.041355783988800125 0.0))
    (0.7993996998499249 (0.09 -0.0415110224761097 0.0))
    (0.80040020010005 (0.09 -0.041664777844815114 0.0))
    (0.8014007003501751 (0.09 -0.04181703321703402 0.0))
    (0.8024012006003001 (0.09 -0.041967771879540164 0.0))
    (0.8034017008504252 (0.09 -0.04211697728559813 0.0))
    (0.8044022011005502 (0.09 -0.04226463305677952 0.0))
    (0.8054027013506753 (0.09 -0.04241072298476103 0.0))
    (0.8064032016008004 (0.09 -0.042555231033103436 0.0))
    (0.8074037018509254 (0.09 -0.04269814133901212 0.0))
    (0.8084042021010505 (0.09 -0.04283943821507824 0.0))
    (0.8094047023511756 (0.09 -0.0429791061510008 0.0))
    (0.8104052026013006 (0.09 -0.04311712981528914 0.0))
    (0.8114057028514257 (0.09 -0.04325349405694606 0.0))
    (0.8124062031015508 (0.09 -0.043388183907130826 0.0))
    (0.8134067033516758 (0.09 -0.04352118458080229 0.0))
    (0.8144072036018009 (0.09 -0.04365248147834201 0.0))
    (0.815407703851926 (0.09 -0.04378206018715672 0.0))
    (0.816408204102051 (0.09 -0.04390990648326046 0.0))
    (0.817408704352176 (0.09 -0.04403600633283602 0.0))
    (0.818409204602301 (0.09 -0.04416034589377531 0.0))
    (0.8194097048524261 (0.09 -0.044282911517199 0.0))
    (0.8204102051025512 (0.09 -0.0444036897489546 0.0))
    (0.8214107053526762 (0.09 -0.04452266733109343 0.0))
    (0.8224112056028013 (0.09 -0.04463983120332598 0.0))
    (0.8234117058529264 (0.09 -0.04475516850445545 0.0))
    (0.8244122061030514 (0.09 -0.044868666573789615 0.0))
    (0.8254127063531765 (0.09 -0.044980312952530646 0.0))
    (0.8264132066033016 (0.09 -0.045090095385142574 0.0))
    (0.8274137068534266 (0.09 -0.04519800182069672 0.0))
    (0.8284142071035517 (0.09 -0.04530402041419454 0.0))
    (0.8294147073536767 (0.09 -0.04540813952786773 0.0))
    (0.8304152076038018 (0.09 -0.04551034773245591 0.0))
    (0.8314157078539269 (0.09 -0.04561063380846104 0.0))
    (0.8324162081040519 (0.09 -0.04570898674737912 0.0))
    (0.833416708354177 (0.09 -0.04580539575290858 0.0))
    (0.8344172086043021 (0.09 -0.04589985024213533 0.0))
    (0.8354177088544271 (0.09 -0.045992339846694555 0.0))
    (0.8364182091045522 (0.09 -0.04608285441390882 0.0))
    (0.8374187093546773 (0.09 -0.04617138400790251 0.0))
    (0.8384192096048023 (0.09 -0.04625791891069254 0.0))
    (0.8394197098549274 (0.09 -0.046342449623255094 0.0))
    (0.8404202101050524 (0.09 -0.04642496686656834 0.0))
    (0.8414207103551775 (0.09 -0.04650546158263104 0.0))
    (0.8424212106053026 (0.09 -0.046583924935456766 0.0))
    (0.8434217108554276 (0.09 -0.04666034831204391 0.0))
    (0.8444222111055527 (0.09 -0.046734723323321126 0.0))
    (0.8454227113556778 (0.09 -0.046807041805068186 0.0))
    (0.8464232116058028 (0.09 -0.0468772958188122 0.0))
    (0.8474237118559279 (0.09 -0.046945477652699005 0.0))
    (0.848424212106053 (0.09 -0.04701157982233975 0.0))
    (0.849424712356178 (0.09 -0.04707559507163237 0.0))
    (0.8504252126063031 (0.09 -0.04713751637355823 0.0))
    (0.8514257128564282 (0.09 -0.047197336930953376 0.0))
    (0.8524262131065532 (0.09 -0.0472550501772547 0.0))
    (0.8534267133566783 (0.09 -0.047310649777220784 0.0))
    (0.8544272136068033 (0.09 -0.04736412962762729 0.0))
    (0.8554277138569284 (0.09 -0.04741548385793695 0.0))
    (0.8564282141070535 (0.09 -0.04746470683094396 0.0))
    (0.8574287143571785 (0.09 -0.047511793143392766 0.0))
    (0.8584292146073036 (0.09 -0.04755673762657124 0.0))
    (0.8594297148574287 (0.09 -0.04759953534687798 0.0))
    (0.8604302151075537 (0.09 -0.04764018160636396 0.0))
    (0.8614307153576788 (0.09 -0.04767867194324815 0.0))
    (0.8624312156078039 (0.09 -0.04771500213240733 0.0))
    (0.8634317158579289 (0.09 -0.04774916818583988 0.0))
    (0.864432216108054 (0.09 -0.047781166353103574 0.0))
    (0.865432716358179 (0.09 -0.04781099312172721 0.0))
    (0.8664332166083041 (0.09 -0.04783864521759623 0.0))
    (0.8674337168584292 (0.09 -0.0478641196053121 0.0))
    (0.8684342171085542 (0.09 -0.047887413488525515 0.0))
    (0.8694347173586793 (0.09 -0.047908524310243346 0.0))
    (0.8704352176088044 (0.09 -0.047927449753109336 0.0))
    (0.8714357178589294 (0.09 -0.047944187739658486 0.0))
    (0.8724362181090545 (0.09 -0.047958736432545085 0.0))
    (0.8734367183591796 (0.09 -0.04797109423474438 0.0))
    (0.8744372186093046 (0.09 -0.047981259789727934 0.0))
    (0.8754377188594297 (0.09 -0.0479892319816125 0.0))
    (0.8764382191095547 (0.09 -0.047995009935282495 0.0))
    (0.8774387193596798 (0.09 -0.047998593016486124 0.0))
    (0.8784392196098049 (0.09 -0.04799998083190491 0.0))
    (0.8794397198599299 (0.09 -0.04799917322919697 0.0))
    (0.880440220110055 (0.09 -0.04799617029701367 0.0))
    (0.8814407203601801 (0.09 -0.04799097236498989 0.0))
    (0.882441220610305 (0.09 -0.04798358000370792 0.0))
    (0.8834417208604302 (0.09 -0.04797399402463472 0.0))
    (0.8844422211105553 (0.09 -0.047962215480032905 0.0))
    (0.8854427213606803 (0.09 -0.04794824566284524 0.0))
    (0.8864432216108054 (0.09 -0.047932086106552675 0.0))
    (0.8874437218609305 (0.09 -0.04791373858500606 0.0))
    (0.8884442221110554 (0.09 -0.0478932051122314 0.0))
    (0.8894447223611806 (0.09 -0.04787048794220876 0.0))
    (0.8904452226113055 (0.09 -0.04784558956862488 0.0))
    (0.8914457228614306 (0.09 -0.047818512724599416 0.0))
    (0.8924462231115557 (0.09 -0.047789260382384915 0.0))
    (0.8934467233616807 (0.09 -0.04775783575304059 0.0))
    (0.8944472236118058 (0.09 -0.047724242286079764 0.0))
    (0.8954477238619309 (0.09 -0.047688483669091314 0.0))
    (0.8964482241120559 (0.09 -0.04765056382733479 0.0))
    (0.897448724362181 (0.09 -0.04761048692330956 0.0))
    (0.8984492246123061 (0.09 -0.047568257356297945 0.0))
    (0.8994497248624311 (0.09 -0.04752387976188223 0.0))
    (0.9004502251125562 (0.09 -0.04747735901143582 0.0))
    (0.9014507253626812 (0.09 -0.04742870021158858 0.0))
    (0.9024512256128063 (0.09 -0.04737790870366616 0.0))
    (0.9034517258629314 (0.09 -0.04732499006310379 0.0))
    (0.9044522261130564 (0.09 -0.04726995009883417 0.0))
    (0.9054527263631815 (0.09 -0.047212794852649814 0.0))
    (0.9064532266133066 (0.09 -0.04715353059853995 0.0))
    (0.9074537268634316 (0.09 -0.04709216384200171 0.0))
    (0.9084542271135567 (0.09 -0.047028701319326 0.0))
    (0.9094547273636818 (0.09 -0.04696314999685814 0.0))
    (0.9104552276138068 (0.09 -0.04689551707023312 0.0))
    (0.9114557278639319 (0.09 -0.04682580996358571 0.0))
    (0.9124562281140569 (0.09 -0.04675403632873548 0.0))
    (0.913456728364182 (0.09 -0.04668020404434697 0.0))
    (0.9144572286143071 (0.09 -0.046604321215064706 0.0))
    (0.9154577288644321 (0.09 -0.046526396170623624 0.0))
    (0.9164582291145572 (0.09 -0.04644643746493466 0.0))
    (0.9174587293646823 (0.09 -0.04636445387514583 0.0))
    (0.9184592296148073 (0.09 -0.046280454400678725 0.0))
    (0.9194597298649324 (0.09 -0.046194448262240624 0.0))
    (0.9204602301150575 (0.09 -0.046106444900812324 0.0))
    (0.9214607303651825 (0.09 -0.046016453976611846 0.0))
    (0.9224612306153076 (0.09 -0.04592448536803395 0.0))
    (0.9234617308654326 (0.09 -0.04583054917056586 0.0))
    (0.9244622311155577 (0.09 -0.04573465569567895 0.0))
    (0.9254627313656828 (0.09 -0.04563681546969699 0.0))
    (0.9264632316158078 (0.09 -0.04553703923264056 0.0))
    (0.9274637318659329 (0.09 -0.045435337937048126 0.0))
    (0.928464232116058 (0.09 -0.045331722746773745 0.0))
    (0.929464732366183 (0.09 -0.04522620503576172 0.0))
    (0.9304652326163081 (0.09 -0.04511879638679787 0.0))
    (0.9314657328664332 (0.09 -0.045009508590238265 0.0))
    (0.9324662331165582 (0.09 -0.044898353642714904 0.0))
    (0.9334667333666833 (0.09 -0.04478534374581877 0.0))
    (0.9344672336168084 (0.09 -0.04467049130476061 0.0))
    (0.9354677338669334 (0.09 -0.04455380892700904 0.0))
    (0.9364682341170585 (0.09 -0.04443530942090665 0.0))
    (0.9374687343671835 (0.09 -0.04431500579426415 0.0))
    (0.9384692346173086 (0.09 -0.04419291125293229 0.0))
    (0.9394697348674337 (0.09 -0.044069039199352386 0.0))
    (0.9404702351175587 (0.09 -0.043943403231085094 0.0))
    (0.9414707353676838 (0.09 -0.04381601713931769 0.0))
    (0.9424712356178089 (0.09 -0.04368689490735036 0.0))
    (0.9434717358679339 (0.09 -0.04355605070906108 0.0))
    (0.944472236118059 (0.09 -0.043423498907349894 0.0))
    (0.9454727363681841 (0.09 -0.04328925405256212 0.0))
    (0.9464732366183091 (0.09 -0.0431533308808913 0.0))
    (0.9474737368684342 (0.09 -0.043015744312761436 0.0))
    (0.9484742371185592 (0.09 -0.042876509451189336 0.0))
    (0.9494747373686843 (0.09 -0.04273564158012655 0.0))
    (0.9504752376188094 (0.09 -0.042593156162781816 0.0))
    (0.9514757378689344 (0.09 -0.042449068839923484 0.0))
    (0.9524762381190595 (0.09 -0.042303395428162784 0.0))
    (0.9534767383691846 (0.09 -0.04215615191821743 0.0))
    (0.9544772386193096 (0.09 -0.042007354473156504 0.0))
    (0.9554777388694347 (0.09 -0.04185701942662601 0.0))
    (0.9564782391195598 (0.09 -0.0417051632810561 0.0))
    (0.9574787393696848 (0.09 -0.041551802705849517 0.0))
    (0.9584792396198099 (0.09 -0.0413969545355517 0.0))
    (0.9594797398699348 (0.09 -0.04124063576800291 0.0))
    (0.96048024012006 (0.09 -0.041082863562472434 0.0))
    (0.961480740370185 (0.09 -0.040923655237774824 0.0))
    (0.96248124062031 (0.09 -0.04076302827036897 0.0))
    (0.9634817408704351 (0.09 -0.04060100029243952 0.0))
    (0.9644822411205602 (0.09 -0.040437589089961534 0.0))
    (0.9654827413706852 (0.09 -0.040272812600748026 0.0))
    (0.9664832416208103 (0.09 -0.040106688912480884 0.0))
    (0.9674837418709354 (0.09 -0.03993923626072536 0.0))
    (0.9684842421210604 (0.09 -0.039770473026928495 0.0))
    (0.9694847423711855 (0.09 -0.039600417736401106 0.0))
    (0.9704852426213106 (0.09 -0.03942908905628449 0.0))
    (0.9714857428714356 (0.09 -0.0392565057935012 0.0))
    (0.9724862431215607 (0.09 -0.039082686892690496 0.0))
    (0.9734867433716857 (0.09 -0.03890765143412902 0.0))
    (0.9744872436218108 (0.09 -0.038731418631636046 0.0))
    (0.9754877438719359 (0.09 -0.03855400783046462 0.0))
    (0.9764882441220609 (0.09 -0.03837543850517784 0.0))
    (0.977488744372186 (0.09 -0.03819573025751112 0.0))
    (0.9784892446223111 (0.09 -0.038014902814220625 0.0))
    (0.9794897448724361 (0.09 -0.03783297602491776 0.0))
    (0.9804902451225612 (0.09 -0.03764996985989014 0.0))
    (0.9814907453726863 (0.09 -0.037465904407909686 0.0))
    (0.9824912456228113 (0.09 -0.03728079987402719 0.0))
    (0.9834917458729364 (0.09 -0.03709467657735463 0.0))
    (0.9844922461230614 (0.09 -0.036907554948834534 0.0))
    (0.9854927463731865 (0.09 -0.036719455528997316 0.0))
    (0.9864932466233116 (0.09 -0.036530398965706576 0.0))
    (0.9874937468734366 (0.09 -0.03634040601189256 0.0))
    (0.9884942471235617 (0.09 -0.03614949752327391 0.0))
    (0.9894947473736868 (0.09 -0.03595769445606861 0.0))
    (0.9904952476238118 (0.09 -0.0357650178646933 0.0))
    (0.9914957478739369 (0.09 -0.03557148889945237 0.0))
    (0.992496248124062 (0.09 -0.03537712880421604 0.0))
    (0.993496748374187 (0.09 -0.03518195891408864 0.0))
    (0.9944972486243121 (0.09 -0.03498600065306634 0.0))
    (0.9954977488744371 (0.09 -0.034789275531685766 0.0))
    (0.9964982491245622 (0.09 -0.03459180514466241 0.0))
    (0.9974987493746873 (0.09 -0.03439361116852047 0.0))
    (0.9984992496248123 (0.09 -0.03419471535921313 0.0))
    (0.9994997498749374 (0.09 -0.033995139549734626 0.0))
    (1.0005002501250624 (0.09 -0.03379490564772342 0.0))
    (1.0015007503751876 (0.09 -0.0335940356330574 0.0))
    (1.0025012506253126 (0.09 -0.03339255155544141 0.0))
    (1.0035017508754376 (0.09 -0.03319047553198638 0.0))
    (1.0045022511255628 (0.09 -0.0329878297447818 0.0))
    (1.0055027513756878 (0.09 -0.03278463643846073 0.0))
    (1.0065032516258128 (0.09 -0.032580917917757996 0.0))
    (1.007503751875938 (0.09 -0.032376696545061596 0.0))
    (1.008504252126063 (0.09 -0.03217199473795827 0.0))
    (1.009504752376188 (0.09 -0.03196683496677242 0.0))
    (1.0105052526263132 (0.09 -0.031761239752099574 0.0))
    (1.0115057528764382 (0.09 -0.03155523166233456 0.0))
    (1.0125062531265632 (0.09 -0.0313488333111937 0.0))
    (1.0135067533766882 (0.09 -0.03114206735523279 0.0))
    (1.0145072536268134 (0.09 -0.03093495649135993 0.0))
    (1.0155077538769384 (0.09 -0.030727523454344218 0.0))
    (1.0165082541270634 (0.09 -0.03051979101431992 0.0))
    (1.0175087543771886 (0.09 -0.030311781974287036 0.0))
    (1.0185092546273136 (0.09 -0.03010351916760844 0.0))
    (1.0195097548774386 (0.09 -0.02989502545550302 0.0))
    (1.0205102551275638 (0.09 -0.029686323724536414 0.0))
    (1.0215107553776888 (0.09 -0.029477436884108782 0.0))
    (1.0225112556278138 (0.09 -0.029268387863939926 0.0))
    (1.023511755877939 (0.09 -0.029059199611552185 0.0))
    (1.024512256128064 (0.09 -0.028849895089751693 0.0))
    (1.025512756378189 (0.09 -0.028640497274107495 0.0))
    (1.0265132566283142 (0.09 -0.028431029150429554 0.0))
    (1.0275137568784392 (0.09 -0.028221513712245842 0.0))
    (1.0285142571285641 (0.09 -0.028011973958277866 0.0))
    (1.0295147573786894 (0.09 -0.028 0.0))
    (1.0305152576288144 (0.09 -0.028 0.0))
    (1.0315157578789393 (0.09 -0.028 0.0))
    (1.0325162581290646 (0.09 -0.028 0.0))
    (1.0335167583791895 (0.09 -0.028 0.0))
    (1.0345172586293145 (0.09 -0.028 0.0))
    (1.0355177588794398 (0.09 -0.028 0.0))
    (1.0365182591295647 (0.09 -0.028 0.0))
    (1.0375187593796897 (0.09 -0.028 0.0))
    (1.0385192596298147 (0.09 -0.028 0.0))
    (1.03951975987994 (0.09 -0.028 0.0))
    (1.040520260130065 (0.09 -0.028 0.0))
    (1.04152076038019 (0.09 -0.028 0.0))
    (1.0425212606303151 (0.09 -0.028 0.0))
    (1.0435217608804401 (0.09 -0.028 0.0))
    (1.0445222611305651 (0.09 -0.028 0.0))
    (1.0455227613806903 (0.09 -0.028 0.0))
    (1.0465232616308153 (0.09 -0.028 0.0))
    (1.0475237618809403 (0.09 -0.028 0.0))
    (1.0485242621310655 (0.09 -0.028 0.0))
    (1.0495247623811905 (0.09 -0.028 0.0))
    (1.0505252626313155 (0.09 -0.028 0.0))
    (1.0515257628814407 (0.09 -0.028 0.0))
    (1.0525262631315657 (0.09 -0.028 0.0))
    (1.0535267633816907 (0.09 -0.028 0.0))
    (1.054527263631816 (0.09 -0.028 0.0))
    (1.055527763881941 (0.09 -0.028 0.0))
    (1.056528264132066 (0.09 -0.028 0.0))
    (1.0575287643821911 (0.09 -0.028 0.0))
    (1.0585292646323161 (0.09 -0.028 0.0))
    (1.059529764882441 (0.09 -0.028 0.0))
    (1.060530265132566 (0.09 -0.028 0.0))
    (1.0615307653826913 (0.09 -0.028 0.0))
    (1.0625312656328163 (0.09 -0.028 0.0))
    (1.0635317658829413 (0.09 -0.028 0.0))
    (1.0645322661330665 (0.09 -0.028 0.0))
    (1.0655327663831915 (0.09 -0.028 0.0))
    (1.0665332666333165 (0.09 -0.028 0.0))
    (1.0675337668834417 (0.09 -0.028 0.0))
    (1.0685342671335667 (0.09 -0.028 0.0))
    (1.0695347673836917 (0.09 -0.028 0.0))
    (1.070535267633817 (0.09 -0.028 0.0))
    (1.071535767883942 (0.09 -0.028 0.0))
    (1.0725362681340669 (0.09 -0.028 0.0))
    (1.073536768384192 (0.09 -0.028 0.0))
    (1.074537268634317 (0.09 -0.028 0.0))
    (1.075537768884442 (0.09 -0.028 0.0))
    (1.0765382691345673 (0.09 -0.028 0.0))
    (1.0775387693846923 (0.09 -0.028 0.0))
    (1.0785392696348173 (0.09 -0.028 0.0))
    (1.0795397698849425 (0.09 -0.028 0.0))
    (1.0805402701350675 (0.09 -0.028 0.0))
    (1.0815407703851925 (0.09 -0.028 0.0))
    (1.0825412706353177 (0.09 -0.028 0.0))
    (1.0835417708854427 (0.09 -0.028 0.0))
    (1.0845422711355677 (0.09 -0.028 0.0))
    (1.0855427713856927 (0.09 -0.028 0.0))
    (1.0865432716358179 (0.09 -0.028 0.0))
    (1.0875437718859429 (0.09 -0.028 0.0))
    (1.0885442721360679 (0.09 -0.028 0.0))
    (1.089544772386193 (0.09 -0.028 0.0))
    (1.090545272636318 (0.09 -0.028 0.0))
    (1.091545772886443 (0.09 -0.028 0.0))
    (1.0925462731365683 (0.09 -0.028 0.0))
    (1.0935467733866933 (0.09 -0.028 0.0))
    (1.0945472736368183 (0.09 -0.028 0.0))
    (1.0955477738869435 (0.09 -0.028 0.0))
    (1.0965482741370685 (0.09 -0.028 0.0))
    (1.0975487743871934 (0.09 -0.028 0.0))
    (1.0985492746373187 (0.09 -0.028 0.0))
    (1.0995497748874437 (0.09 -0.028 0.0))
    (1.1005502751375686 (0.09 -0.028 0.0))
    (1.1015507753876939 (0.09 -0.028 0.0))
    (1.1025512756378189 (0.09 -0.028 0.0))
    (1.1035517758879438 (0.09 -0.028 0.0))
    (1.104552276138069 (0.09 -0.028 0.0))
    (1.105552776388194 (0.09 -0.028 0.0))
    (1.106553276638319 (0.09 -0.028 0.0))
    (1.1075537768884443 (0.09 -0.028 0.0))
    (1.1085542771385692 (0.09 -0.028 0.0))
    (1.1095547773886942 (0.09 -0.028 0.0))
    (1.1105552776388192 (0.09 -0.028 0.0))
    (1.1115557778889444 (0.09 -0.028 0.0))
    (1.1125562781390694 (0.09 -0.028 0.0))
    (1.1135567783891944 (0.09 -0.028 0.0))
    (1.1145572786393196 (0.09 -0.028 0.0))
    (1.1155577788894446 (0.09 -0.028 0.0))
    (1.1165582791395696 (0.09 -0.028 0.0))
    (1.1175587793896948 (0.09 -0.028 0.0))
    (1.1185592796398198 (0.09 -0.028 0.0))
    (1.1195597798899448 (0.09 -0.028 0.0))
    (1.12056028014007 (0.09 -0.028 0.0))
    (1.121560780390195 (0.09 -0.028 0.0))
    (1.12256128064032 (0.09 -0.028 0.0))
    (1.1235617808904452 (0.09 -0.028 0.0))
    (1.1245622811405702 (0.09 -0.028 0.0))
    (1.1255627813906952 (0.09 -0.028 0.0))
    (1.1265632816408204 (0.09 -0.028 0.0))
    (1.1275637818909454 (0.09 -0.028 0.0))
    (1.1285642821410704 (0.09 -0.028 0.0))
    (1.1295647823911956 (0.09 -0.028 0.0))
    (1.1305652826413206 (0.09 -0.028 0.0))
    (1.1315657828914456 (0.09 -0.028 0.0))
    (1.1325662831415706 (0.09 -0.028 0.0))
    (1.1335667833916958 (0.09 -0.028 0.0))
    (1.1345672836418208 (0.09 -0.028 0.0))
    (1.1355677838919458 (0.09 -0.028 0.0))
    (1.136568284142071 (0.09 -0.028 0.0))
    (1.137568784392196 (0.09 -0.028 0.0))
    (1.138569284642321 (0.09 -0.028 0.0))
    (1.1395697848924462 (0.09 -0.028 0.0))
    (1.1405702851425712 (0.09 -0.028 0.0))
    (1.1415707853926962 (0.09 -0.028 0.0))
    (1.1425712856428214 (0.09 -0.028 0.0))
    (1.1435717858929464 (0.09 -0.028 0.0))
    (1.1445722861430714 (0.09 -0.028 0.0))
    (1.1455727863931966 (0.09 -0.028 0.0))
    (1.1465732866433216 (0.09 -0.028 0.0))
    (1.1475737868934466 (0.09 -0.028 0.0))
    (1.1485742871435718 (0.09 -0.028 0.0))
    (1.1495747873936968 (0.09 -0.028 0.0))
    (1.1505752876438218 (0.09 -0.028 0.0))
    (1.151575787893947 (0.09 -0.028 0.0))
    (1.152576288144072 (0.09 -0.028 0.0))
    (1.153576788394197 (0.09 -0.028 0.0))
    (1.1545772886443222 (0.09 -0.028 0.0))
    (1.1555777888944472 (0.09 -0.028 0.0))
    (1.1565782891445722 (0.09 -0.028 0.0))
    (1.1575787893946972 (0.09 -0.028 0.0))
    (1.1585792896448224 (0.09 -0.028 0.0))
    (1.1595797898949474 (0.09 -0.028 0.0))
    (1.1605802901450724 (0.09 -0.028 0.0))
    (1.1615807903951976 (0.09 -0.028 0.0))
    (1.1625812906453226 (0.09 -0.028 0.0))
    (1.1635817908954476 (0.09 -0.028 0.0))
    (1.1645822911455728 (0.09 -0.028 0.0))
    (1.1655827913956978 (0.09 -0.028 0.0))
    (1.1665832916458228 (0.09 -0.028 0.0))
    (1.167583791895948 (0.09 -0.028 0.0))
    (1.168584292146073 (0.09 -0.028 0.0))
    (1.169584792396198 (0.09 -0.028 0.0))
    (1.1705852926463232 (0.09 -0.028 0.0))
    (1.1715857928964482 (0.09 -0.028 0.0))
    (1.1725862931465731 (0.09 -0.028 0.0))
    (1.1735867933966984 (0.09 -0.028 0.0))
    (1.1745872936468233 (0.09 -0.028 0.0))
    (1.1755877938969483 (0.09 -0.028 0.0))
    (1.1765882941470736 (0.09 -0.028 0.0))
    (1.1775887943971985 (0.09 -0.028 0.0))
    (1.1785892946473235 (0.09 -0.028 0.0))
    (1.1795897948974485 (0.09 -0.028 0.0))
    (1.1805902951475737 (0.09 -0.028 0.0))
    (1.1815907953976987 (0.09 -0.028 0.0))
    (1.1825912956478237 (0.09 -0.028 0.0))
    (1.183591795897949 (0.09 -0.028 0.0))
    (1.184592296148074 (0.09 -0.028 0.0))
    (1.185592796398199 (0.09 -0.028 0.0))
    (1.1865932966483241 (0.09 -0.028 0.0))
    (1.1875937968984491 (0.09 -0.028 0.0))
    (1.1885942971485741 (0.09 -0.028 0.0))
    (1.1895947973986993 (0.09 -0.028 0.0))
    (1.1905952976488243 (0.09 -0.028 0.0))
    (1.1915957978989493 (0.09 -0.028 0.0))
    (1.1925962981490745 (0.09 -0.028 0.0))
    (1.1935967983991995 (0.09 -0.028 0.0))
    (1.1945972986493245 (0.09 -0.028 0.0))
    (1.1955977988994497 (0.09 -0.028 0.0))
    (1.1965982991495747 (0.09 -0.028 0.0))
    (1.1975987993996997 (0.09 -0.028 0.0))
    (1.198599299649825 (0.09 -0.028 0.0))
    (1.19959979989995 (0.09 -0.028 0.0))
    (1.200600300150075 (0.09 -0.028 0.0))
    (1.2016008004002001 (0.09 -0.028 0.0))
    (1.2026013006503251 (0.09 -0.028 0.0))
    (1.20360180090045 (0.09 -0.028 0.0))
    (1.204602301150575 (0.09 -0.028 0.0))
    (1.2056028014007003 (0.09 -0.028 0.0))
    (1.2066033016508253 (0.09 -0.028 0.0))
    (1.2076038019009503 (0.09 -0.028 0.0))
    (1.2086043021510755 (0.09 -0.028 0.0))
    (1.2096048024012005 (0.09 -0.028 0.0))
    (1.2106053026513255 (0.09 -0.028 0.0))
    (1.2116058029014507 (0.09 -0.028 0.0))
    (1.2126063031515757 (0.09 -0.028 0.0))
    (1.2136068034017007 (0.09 -0.028 0.0))
    (1.214607303651826 (0.09 -0.028 0.0))
    (1.215607803901951 (0.09 -0.028 0.0))
    (1.2166083041520759 (0.09 -0.028 0.0))
    (1.217608804402201 (0.09 -0.028 0.0))
    (1.218609304652326 (0.09 -0.028 0.0))
    (1.219609804902451 (0.09 -0.028 0.0))
    (1.2206103051525763 (0.09 -0.028 0.0))
    (1.2216108054027013 (0.09 -0.028 0.0))
    (1.2226113056528263 (0.09 -0.028 0.0))
    (1.2236118059029515 (0.09 -0.028 0.0))
    (1.2246123061530765 (0.09 -0.028 0.0))
    (1.2256128064032015 (0.09 -0.028 0.0))
    (1.2266133066533267 (0.09 -0.028 0.0))
    (1.2276138069034517 (0.09 -0.028 0.0))
    (1.2286143071535767 (0.09 -0.028 0.0))
    (1.2296148074037017 (0.09 -0.028 0.0))
    (1.2306153076538269 (0.09 -0.028 0.0))
    (1.2316158079039519 (0.09 -0.028 0.0))
    (1.2326163081540769 (0.09 -0.028 0.0))
    (1.233616808404202 (0.09 -0.028 0.0))
    (1.234617308654327 (0.09 -0.028 0.0))
    (1.235617808904452 (0.09 -0.028 0.0))
    (1.2366183091545773 (0.09 -0.028 0.0))
    (1.2376188094047023 (0.09 -0.028 0.0))
    (1.2386193096548272 (0.09 -0.028 0.0))
    (1.2396198099049525 (0.09 -0.028 0.0))
    (1.2406203101550775 (0.09 -0.028 0.0))
    (1.2416208104052024 (0.09 -0.028 0.0))
    (1.2426213106553277 (0.09 -0.028 0.0))
    (1.2436218109054527 (0.09 -0.028 0.0))
    (1.2446223111555776 (0.09 -0.028 0.0))
    (1.2456228114057029 (0.09 -0.028 0.0))
    (1.2466233116558278 (0.09 -0.028 0.0))
    (1.2476238119059528 (0.09 -0.028 0.0))
    (1.248624312156078 (0.09 -0.028 0.0))
    (1.249624812406203 (0.09 -0.028 0.0))
    (1.250625312656328 (0.09 -0.028 0.0))
    (1.251625812906453 (0.09 -0.028 0.0))
    (1.2526263131565782 (0.09 -0.028 0.0))
    (1.2536268134067032 (0.09 -0.028 0.0))
    (1.2546273136568282 (0.09 -0.028 0.0))
    (1.2556278139069534 (0.09 -0.028 0.0))
    (1.2566283141570784 (0.09 -0.028 0.0))
    (1.2576288144072034 (0.09 -0.028 0.0))
    (1.2586293146573286 (0.09 -0.028 0.0))
    (1.2596298149074536 (0.09 -0.028 0.0))
    (1.2606303151575786 (0.09 -0.028 0.0))
    (1.2616308154077038 (0.09 -0.028 0.0))
    (1.2626313156578288 (0.09 -0.028 0.0))
    (1.2636318159079538 (0.09 -0.028 0.0))
    (1.264632316158079 (0.09 -0.028 0.0))
    (1.265632816408204 (0.09 -0.028 0.0))
    (1.266633316658329 (0.09 -0.028 0.0))
    (1.2676338169084542 (0.09 -0.028 0.0))
    (1.2686343171585792 (0.09 -0.028 0.0))
    (1.2696348174087042 (0.09 -0.028 0.0))
    (1.2706353176588294 (0.09 -0.028 0.0))
    (1.2716358179089544 (0.09 -0.028 0.0))
    (1.2726363181590794 (0.09 -0.028 0.0))
    (1.2736368184092046 (0.09 -0.028 0.0))
    (1.2746373186593296 (0.09 -0.028 0.0))
    (1.2756378189094546 (0.09 -0.028 0.0))
    (1.2766383191595796 (0.09 -0.028 0.0))
    (1.2776388194097048 (0.09 -0.028 0.0))
    (1.2786393196598298 (0.09 -0.028 0.0))
    (1.2796398199099548 (0.09 -0.028 0.0))
    (1.28064032016008 (0.09 -0.028 0.0))
    (1.281640820410205 (0.09 -0.028 0.0))
    (1.28264132066033 (0.09 -0.028 0.0))
    (1.2836418209104552 (0.09 -0.028 0.0))
    (1.2846423211605802 (0.09 -0.028 0.0))
    (1.2856428214107052 (0.09 -0.028 0.0))
    (1.2866433216608304 (0.09 -0.028 0.0))
    (1.2876438219109554 (0.09 -0.028 0.0))
    (1.2886443221610804 (0.09 -0.028 0.0))
    (1.2896448224112056 (0.09 -0.028 0.0))
    (1.2906453226613306 (0.09 -0.028 0.0))
    (1.2916458229114556 (0.09 -0.028 0.0))
    (1.2926463231615808 (0.09 -0.028 0.0))
    (1.2936468234117058 (0.09 -0.028 0.0))
    (1.2946473236618308 (0.09 -0.028 0.0))
    (1.295647823911956 (0.09 -0.028 0.0))
    (1.296648324162081 (0.09 -0.028 0.0))
    (1.297648824412206 (0.09 -0.028 0.0))
    (1.298649324662331 (0.09 -0.028 0.0))
    (1.2996498249124562 (0.09 -0.028 0.0))
    (1.3006503251625812 (0.09 -0.028 0.0))
    (1.3016508254127062 (0.09 -0.028 0.0))
    (1.3026513256628314 (0.09 -0.028 0.0))
    (1.3036518259129564 (0.09 -0.028 0.0))
    (1.3046523261630814 (0.09 -0.028 0.0))
    (1.3056528264132066 (0.09 -0.028 0.0))
    (1.3066533266633316 (0.09 -0.028 0.0))
    (1.3076538269134566 (0.09 -0.028 0.0))
    (1.3086543271635818 (0.09 -0.028 0.0))
    (1.3096548274137068 (0.09 -0.028 0.0))
    (1.3106553276638317 (0.09 -0.028 0.0))
    (1.311655827913957 (0.09 -0.028 0.0))
    (1.312656328164082 (0.09 -0.028 0.0))
    (1.313656828414207 (0.09 -0.028 0.0))
    (1.3146573286643322 (0.09 -0.028 0.0))
    (1.3156578289144572 (0.09 -0.028 0.0))
    (1.3166583291645821 (0.09 -0.028 0.0))
    (1.3176588294147074 (0.09 -0.028 0.0))
    (1.3186593296648323 (0.09 -0.028 0.0))
    (1.3196598299149573 (0.09 -0.028 0.0))
    (1.3206603301650826 (0.09 -0.028 0.0))
    (1.3216608304152075 (0.09 -0.028 0.0))
    (1.3226613306653325 (0.09 -0.028 0.0))
    (1.3236618309154575 (0.09 -0.028 0.0))
    (1.3246623311655827 (0.09 -0.028 0.0))
    (1.3256628314157077 (0.09 -0.028 0.0))
    (1.3266633316658327 (0.09 -0.028 0.0))
    (1.327663831915958 (0.09 -0.028 0.0))
    (1.328664332166083 (0.09 -0.02801945768029444 0.0))
    (1.329664832416208 (0.09 -0.02822899696190292 0.0))
    (1.3306653326663331 (0.09 -0.028438511106283287 0.0))
    (1.3316658329164581 (0.09 -0.028647977114855908 0.0))
    (1.3326663331665831 (0.09 -0.028857371994325177 0.0))
    (1.3336668334167083 (0.09 -0.02906667275920343 0.0))
    (1.3346673336668333 (0.09 -0.029275856434333856 0.0))
    (1.3356678339169583 (0.09 -0.0294849000574129 0.0))
    (1.3366683341670835 (0.09 -0.02969378068151064 0.0))
    (1.3376688344172085 (0.09 -0.029902475377589603 0.0))
    (1.3386693346673335 (0.09 -0.03011096123702197 0.0))
    (1.3396698349174587 (0.09 -0.03031921537410403 0.0))
    (1.3406703351675837 (0.09 -0.030527214928568448 0.0))
    (1.3416708354177087 (0.09 -0.030734937068093778 0.0))
    (1.342671335667834 (0.09 -0.03094235899081071 0.0))
    (1.343671835917959 (0.09 -0.031149457927804835 0.0))
    (1.344672336168084 (0.09 -0.03135621114561642 0.0))
    (1.3456728364182091 (0.09 -0.03156259594873563 0.0))
    (1.346673336668334 (0.09 -0.0317685896820938 0.0))
    (1.347673836918459 (0.09 -0.03197416973355048 0.0))
    (1.348674337168584 (0.09 -0.03217931353637547 0.0))
    (1.3496748374187093 (0.09 -0.0323839985717261 0.0))
    (1.3506753376688343 (0.09 -0.03258820237111884 0.0))
    (1.3516758379189593 (0.09 -0.032791902518896146 0.0))
    (1.3526763381690845 (0.09 -0.032995076654686775 0.0))
    (1.3536768384192095 (0.09 -0.03319770247586026 0.0))
    (1.3546773386693345 (0.09 -0.03339975773997531 0.0))
    (1.3556778389194597 (0.09 -0.03360122026722116 0.0))
    (1.3566783391695847 (0.09 -0.033802067942852385 0.0))
    (1.3576788394197097 (0.09 -0.03400227871961648 0.0))
    (1.358679339669835 (0.09 -0.03420183062017404 0.0))
    (1.3596798399199599 (0.09 -0.034400701739510944 0.0))
    (1.3606803401700849 (0.09 -0.03459887024734333 0.0))
    (1.36168084042021 (0.09 -0.034796314390513665 0.0))
    (1.362681340670335 (0.09 -0.03499301249537856 0.0))
    (1.36368184092046 (0.09 -0.035188942970188125 0.0))
    (1.3646823411705853 (0.09 -0.035384084307455994 0.0))
    (1.3656828414207103 (0.09 -0.035578415086320064 0.0))
    (1.3666833416708353 (0.09 -0.03577191397489422 0.0))
    (1.3676838419209605 (0.09 -0.03596455973260977 0.0))
    (1.3686843421710855 (0.09 -0.036156331212546966 0.0))
    (1.3696848424212105 (0.09 -0.03634720736375652 0.0))
    (1.3706853426713355 (0.09 -0.036537167233570166 0.0))
    (1.3716858429214607 (0.09 -0.03672618996990092 0.0))
    (1.3726863431715857 (0.09 -0.03691425482353174 0.0))
    (1.3736868434217107 (0.09 -0.03710134115039345 0.0))
    (1.3746873436718359 (0.09 -0.03728742841383075 0.0))
    (1.3756878439219609 (0.09 -0.037472496186856386 0.0))
    (1.3766883441720859 (0.09 -0.037656524154393765 0.0))
    (1.377688844422211 (0.09 -0.037839492115506766 0.0))
    (1.378689344672336 (0.09 -0.038021379985617165 0.0))
    (1.379689844922461 (0.09 -0.0382021677987095 0.0))
    (1.3806903451725863 (0.09 -0.038381835709522714 0.0))
    (1.3816908454227113 (0.09 -0.038560363995728375 0.0))
    (1.3826913456728362 (0.09 -0.03873773306009598 0.0))
    (1.3836918459229615 (0.09 -0.03891392343264394 0.0))
    (1.3846923461730865 (0.09 -0.03908891577277678 0.0))
    (1.3856928464232114 (0.09 -0.03926269087140837 0.0))
    (1.3866933466733367 (0.09 -0.039435229653070336 0.0))
    (1.3876938469234616 (0.09 -0.03960651317800603 0.0))
    (1.3886943471735866 (0.09 -0.03977652264424971 0.0))
    (1.3896948474237119 (0.09 -0.03994523938969034 0.0))
    (1.3906953476738368 (0.09 -0.04011264489412001 0.0))
    (1.3916958479239618 (0.09 -0.04027872078126721 0.0))
    (1.392696348174087 (0.09 -0.040443448820813827 0.0))
    (1.393696848424212 (0.09 -0.040606810930396295 0.0))
    (1.394697348674337 (0.09 -0.04076878917759062 0.0))
    (1.395697848924462 (0.09 -0.040929365781880764 0.0))
    (1.3966983491745872 (0.09 -0.04108852311661049 0.0))
    (1.3976988494247122 (0.09 -0.04124624371091806 0.0))
    (1.3986993496748372 (0.09 -0.04140251025165436 0.0))
    (1.3996998499249624 (0.09 -0.041557305585283165 0.0))
    (1.4007003501750874 (0.09 -0.0417106127197641 0.0))
    (1.4017008504252124 (0.09 -0.0418624148264179 0.0))
    (1.4027013506753376 (0.09 -0.04201269524177382 0.0))
    (1.4037018509254626 (0.09 -0.0421614374693986 0.0))
    (1.4047023511755876 (0.09 -0.04230862518170748 0.0))
    (1.4057028514257128 (0.09 -0.04245424222175644 0.0))
    (1.4067033516758378 (0.09 -0.04259827260501561 0.0))
    (1.4077038519259628 (0.09 -0.042740700521124164 0.0))
    (1.408704352176088 (0.09 -0.042881510335625705 0.0))
    (1.409704852426213 (0.09 -0.04302068659168441 0.0))
    (1.410705352676338 (0.09 -0.043158214011781895 0.0))
    (1.4117058529264632 (0.09 -0.04329407749939419 0.0))
    (1.4127063531765882 (0.09 -0.043428262140648745 0.0))
    (1.4137068534267132 (0.09 -0.04356075320596178 0.0))
    (1.4147073536768384 (0.09 -0.04369153615165508 0.0))
    (1.4157078539269634 (0.09 -0.04382059662155234 0.0))
    (1.4167083541770884 (0.09 -0.04394792044855528 0.0))
    (1.4177088544272134 (0.09 -0.04407349365619858 0.0))
    (1.4187093546773386 (0.09 -0.04419730246018425 0.0))
    (1.4197098549274636 (0.09 -0.0443193332698946 0.0))
    (1.4207103551775886 (0.09 -0.04443957268988423 0.0))
    (1.4217108554277138 (0.09 -0.04455800752135042 0.0))
    (1.4227113556778388 (0.09 -0.04467462476358184 0.0))
    (1.4237118559279638 (0.09 -0.04478941161538588 0.0))
    (1.424712356178089 (0.09 -0.044902355476493724 0.0))
    (1.425712856428214 (0.09 -0.045013443948943466 0.0))
    (1.426713356678339 (0.09 -0.04512266483844113 0.0))
    (1.4277138569284642 (0.09 -0.04523000615569922 0.0))
    (1.4287143571785892 (0.09 -0.04533545611775269 0.0))
    (1.4297148574287142 (0.09 -0.04543900314925259 0.0))
    (1.4307153576788394 (0.09 -0.04554063588373653 0.0))
    (1.4317158579289644 (0.09 -0.04564034316487643 0.0))
    (1.4327163581790894 (0.09 -0.04573811404770316 0.0))
    (1.4337168584292146 (0.09 -0.04583393779980806 0.0))
    (1.4347173586793396 (0.09 -0.045927803902520874 0.0))
    (1.4357178589294646 (0.09 -0.0460197020520646 0.0))
    (1.4367183591795898 (0.09 -0.04610962216068641 0.0))
    (1.4377188594297148 (0.09 -0.046197554357764986 0.0))
    (1.4387193596798398 (0.09 -0.04628348899089412 0.0))
    (1.439719859929965 (0.09 -0.04636741662694223 0.0))
    (1.44072036018009 (0.09 -0.04644932805308778 0.0))
    (1.441720860430215 (0.09 -0.04652921427783068 0.0))
    (1.44272136068034 (0.09 -0.046607066531979234 0.0))
    (1.4437218609304652 (0.09 -0.046682876269612775 0.0))
    (1.4447223611805902 (0.09 -0.046756635169019664 0.0))
    (1.4457228614307152 (0.09 -0.046828335133610934 0.0))
    (1.4467233616808404 (0.09 -0.046897968292808956 0.0))
    (1.4477238619309654 (0.09 -0.046965527002911386 0.0))
    (1.4487243621810904 (0.09 -0.04703100384793028 0.0))
    (1.4497248624312156 (0.09 -0.04709439164040616 0.0))
    (1.4507253626813406 (0.09 -0.04715568342219688 0.0))
    (1.4517258629314655 (0.09 -0.047214872465241566 0.0))
    (1.4527263631815908 (0.09 -0.04727195227229912 0.0))
    (1.4537268634317158 (0.09 -0.04732691657766135 0.0))
    (1.4547273636818407 (0.09 -0.047379759347840875 0.0))
    (1.455727863931966 (0.09 -0.04743047478223335 0.0))
    (1.456728364182091 (0.09 -0.04747905731375424 0.0))
    (1.457728864432216 (0.09 -0.047525501609449926 0.0))
    (1.4587293646823412 (0.09 -0.04756980257108309 0.0))
    (1.4597298649324661 (0.09 -0.04761195533569236 0.0))
    (1.4607303651825911 (0.09 -0.047651955276126104 0.0))
    (1.4617308654327164 (0.09 -0.04768979800155043 0.0))
    (1.4627313656828413 (0.09 -0.047725479357931075 0.0))
    (1.4637318659329663 (0.09 -0.04775899542848946 0.0))
    (1.4647323661830915 (0.09 -0.047790342534132606 0.0))
    (1.4657328664332165 (0.09 -0.04781951723385702 0.0))
    (1.4667333666833415 (0.09 -0.04784651632512642 0.0))
    (1.4677338669334665 (0.09 -0.04787133684422322 0.0))
    (1.4687343671835917 (0.09 -0.04789397606657396 0.0))
    (1.4697348674337167 (0.09 -0.04791443150704827 0.0))
    (1.4707353676838417 (0.09 -0.04793270092023179 0.0))
    (1.471735867933967 (0.09 -0.04794878230067254 0.0))
    (1.472736368184092 (0.09 -0.0479626738831011 0.0))
    (1.473736868434217 (0.09 -0.047974374142624454 0.0))
    (1.4747373686843421 (0.09 -0.04798388179489327 0.0))
    (1.4757378689344671 (0.09 -0.04799119579624291 0.0))
    (1.4767383691845921 (0.09 -0.047996315343808084 0.0))
    (1.4777388694347173 (0.09 -0.04799923987561086 0.0))
    (1.4787393696848423 (0.09 -0.04799996907062243 0.0))
    (1.4797398699349673 (0.09 -0.04799850284879831 0.0))
    (1.4807403701850925 (0.09 -0.04799484137108716 0.0))
    (1.4817408704352175 (0.09 -0.047988985039413096 0.0))
    (1.4827413706853425 (0.09 -0.04798093449663156 0.0))
    (1.4837418709354677 (0.09 -0.04797069062645878 0.0))
    (1.4847423711855927 (0.09 -0.047958254553374755 0.0))
    (1.4857428714357177 (0.09 -0.04794362764249979 0.0))
    (1.486743371685843 (0.09 -0.04792681149944471 0.0))
    (1.487743871935968 (0.09 -0.04790780797013454 0.0))
    (1.488744372186093 (0.09 -0.0478866191406059 0.0))
    (1.489744872436218 (0.09 -0.047863247336778054 0.0))
    (1.490745372686343 (0.09 -0.047837695124197555 0.0))
    (1.491745872936468 (0.09 -0.047809965307756615 0.0))
    (1.492746373186593 (0.09 -0.04778006093138524 0.0))
    (1.4937468734367183 (0.09 -0.047747985277717064 0.0))
    (1.4947473736868433 (0.09 -0.047713741867729045 0.0))
    (1.4957478739369683 (0.09 -0.04767733446035495 0.0))
    (1.4967483741870935 (0.09 -0.04763876705207268 0.0))
    (1.4977488744372185 (0.09 -0.047598043876465684 0.0))
    (1.4987493746873435 (0.09 -0.04755516940375813 0.0))
    (1.4997498749374687 (0.09 -0.04751014834032425 0.0))
    (1.5007503751875937 (0.09 -0.047462985628171736 0.0))
    (1.5017508754377187 (0.09 -0.047413686444399195 0.0))
    (1.502751375687844 (0.09 -0.047362256200627895 0.0))
    (1.5037518759379689 (0.09 -0.04730870054240774 0.0))
    (1.5047523761880939 (0.09 -0.047253025348597474 0.0))
    (1.505752876438219 (0.09 -0.047195236730719445 0.0))
    (1.506753376688344 (0.09 -0.047135341032288725 0.0))
    (1.507753876938469 (0.09 -0.0470733448281167 0.0))
    (1.5087543771885943 (0.09 -0.04700925492358939 0.0))
    (1.5097548774387193 (0.09 -0.046943078353920475 0.0))
    (1.5107553776888443 (0.09 -0.04687482238337894 0.0))
    (1.5117558779389695 (0.09 -0.04680449450449171 0.0))
    (1.5127563781890945 (0.09 -0.0467321024372212 0.0))
    (1.5137568784392195 (0.09 -0.046657654128117856 0.0))
    (1.5147573786893445 (0.09 -0.04658115774944788 0.0))
    (1.5157578789394697 (0.09 -0.046502621698296095 0.0))
    (1.5167583791895947 (0.09 -0.046422054595644344 0.0))
    (1.5177588794397197 (0.09 -0.04633946528542496 0.0))
    (1.5187593796898449 (0.09 -0.04625486283355004 0.0))
    (1.5197598799399699 (0.09 -0.046168256526916356 0.0))
    (1.5207603801900949 (0.09 -0.046079655872385744 0.0))
    (1.52176088044022 (0.09 -0.04598907059574169 0.0))
    (1.522761380690345 (0.09 -0.04589651064062167 0.0))
    (1.52376188094047 (0.09 -0.04580198616742556 0.0))
    (1.5247623811905953 (0.09 -0.04570550755220038 0.0))
    (1.5257628814407203 (0.09 -0.045607085385501345 0.0))
    (1.5267633816908452 (0.09 -0.04550673047122926 0.0))
    (1.5277638819409705 (0.09 -0.04540445382544454 0.0))
    (1.5287643821910955 (0.09 -0.045300266675158095 0.0))
    (1.5297648824412204 (0.09 -0.045194180457098776 0.0))
    (1.5307653826913457 (0.09 -0.045086206816458016 0.0))
    (1.5317658829414706 (0.09 -0.04497635760561164 0.0))
    (1.5327663831915956 (0.09 -0.0448646448828186 0.0))
    (1.5337668834417209 (0.09 -0.04475108091089747 0.0))
    (1.5347673836918458 (0.09 -0.04463567815588035 0.0))
    (1.5357678839419708 (0.09 -0.04451844928564437 0.0))
    (1.5367683841920958 (0.09 -0.0443994071685212 0.0))
    (1.537768884442221 (0.09 -0.04427856487188445 0.0))
    (1.538769384692346 (0.09 -0.044155935660715295 0.0))
    (1.539769884942471 (0.09 -0.04403153299614626 0.0))
    (1.5407703851925962 (0.09 -0.04390537053398362 0.0))
    (1.5417708854427212 (0.09 -0.04377746212320858 0.0))
    (1.5427713856928462 (0.09 -0.04364782180445671 0.0))
    (1.5437718859429714 (0.09 -0.043516463808476916 0.0))
    (1.5447723861930964 (0.09 -0.04338340255456934 0.0))
    (1.5457728864432214 (0.09 -0.0432486526490024 0.0))
    (1.5467733866933466 (0.09 -0.04311222888340949 0.0))
    (1.5477738869434716 (0.09 -0.042974146233165436 0.0))
    (1.5487743871935966 (0.09 -0.0428344198557424 0.0))
    (1.5497748874437218 (0.09 -0.04269306508904614 0.0))
    (1.5507753876938468 (0.09 -0.042550097449732434 0.0))
    (1.5517758879439718 (0.09 -0.042405532631503616 0.0))
    (1.552776388194097 (0.09 -0.042259386503386044 0.0))
    (1.553776888444222 (0.09 -0.04211167510798806 0.0))
    (1.554777388694347 (0.09 -0.04196241465973892 0.0))
    (1.5557778889444722 (0.09 -0.041811621543108995 0.0))
    (1.5567783891945972 (0.09 -0.04165931231081125 0.0))
    (1.5577788894447222 (0.09 -0.041505503681984204 0.0))
    (1.5587793896948474 (0.09 -0.04135021254035659 0.0))
    (1.5597798899449724 (0.09 -0.04119345593239415 0.0))
    (1.5607803901950974 (0.09 -0.04103525106542828 0.0))
    (1.5617808904452224 (0.09 -0.04087561530576726 0.0))
    (1.5627813906953476 (0.09 -0.040714566176789854 0.0))
    (1.5637818909454726 (0.09 -0.040552121357021964 0.0))
    (1.5647823911955976 (0.09 -0.04038829867819572 0.0))
    (1.5657828914457228 (0.09 -0.040223116123292255 0.0))
    (1.5667833916958478 (0.09 -0.04005659182456778 0.0))
    (1.5677838919459728 (0.09 -0.039888744061562946 0.0))
    (1.568784392196098 (0.09 -0.039719591259096514 0.0))
    (1.569784892446223 (0.09 -0.039549151985242746 0.0))
    (1.570785392696348 (0.09 -0.039377444949293114 0.0))
    (1.5717858929464732 (0.09 -0.03920448899970258 0.0))
    (1.5727863931965982 (0.09 -0.0390303031220208 0.0))
    (1.5737868934467232 (0.09 -0.038854906436807696 0.0))
    (1.5747873936968484 (0.09 -0.03867831819753481 0.0))
    (1.5757878939469734 (0.09 -0.038500557788471855 0.0))
    (1.5767883941970984 (0.09 -0.038321644722558695 0.0))
    (1.5777888944472236 (0.09 -0.038141598639263516 0.0))
    (1.5787893946973486 (0.09 -0.03796043930242712 0.0))
    (1.5797898949474736 (0.09 -0.03777818659809309 0.0))
    (1.5807903951975988 (0.09 -0.03759486053232511 0.0))
    (1.5817908954477238 (0.09 -0.03741048122901093 0.0))
    (1.5827913956978488 (0.09 -0.03722506892765312 0.0))
    (1.583791895947974 (0.09 -0.037038643981147576 0.0))
    (1.584792396198099 (0.09 -0.03685122685354929 0.0))
    (1.585792896448224 (0.09 -0.036662838117825905 0.0))
    (1.586793396698349 (0.09 -0.03647349845359951 0.0))
    (1.5877938969484742 (0.09 -0.0362832286448765 0.0))
    (1.5887943971985992 (0.09 -0.03609204957776637 0.0))
    (1.5897948974487242 (0.09 -0.03589998223818865 0.0))
    (1.5907953976988494 (0.09 -0.03570704770956945 0.0))
    (1.5917958979489744 (0.09 -0.035513267170527205 0.0))
    (1.5927963981990994 (0.09 -0.03531866189254766 0.0))
    (1.5937968984492246 (0.09 -0.035123253237648984 0.0))
    (1.5947973986993496 (0.09 -0.034927062656037004 0.0))
    (1.5957978989494745 (0.09 -0.03473011168375026 0.0))
    (1.5967983991995998 (0.09 -0.03453242194029617 0.0))
    (1.5977988994497248 (0.09 -0.03433401512627791 0.0))
    (1.5987993996998497 (0.09 -0.034134913021012084 0.0))
    (1.599799899949975 (0.09 -0.033935137480138225 0.0))
    (1.6008004002001 (0.09 -0.03373471043321956 0.0))
    (1.601800900450225 (0.09 -0.033533653881335744 0.0))
    (1.6028014007003502 (0.09 -0.03333198989466779 0.0))
    (1.6038019009504751 (0.09 -0.033129740610075634 0.0))
    (1.6048024012006001 (0.09 -0.03292692822866776 0.0))
    (1.6058029014507254 (0.09 -0.0327235750133644 0.0))
    (1.6068034017008503 (0.09 -0.03251970328645377 0.0))
    (1.6078039019509753 (0.09 -0.03231533542714151 0.0))
    (1.6088044022011003 (0.09 -0.03211049386909427 0.0))
    (1.6098049024512255 (0.09 -0.03190520109797702 0.0))
    (1.6108054027013505 (0.09 -0.03169947964898504 0.0))
    (1.6118059029514755 (0.09 -0.031493352104369814 0.0))
    (1.6128064032016007 (0.09 -0.03128684109096039 0.0))
    (1.6138069034517257 (0.09 -0.031079969277679625 0.0))
    (1.6148074037018507 (0.09 -0.030872759373055773 0.0))
    (1.615807903951976 (0.09 -0.030665234122729586 0.0))
    (1.616808404202101 (0.09 -0.03045741630695779 0.0))
    (1.617808904452226 (0.09 -0.0302493287381122 0.0))
    (1.6188094047023511 (0.09 -0.030040994258175666 0.0))
    (1.6198099049524761 (0.09 -0.02983243573623493 0.0))
    (1.6208104052026011 (0.09 -0.02962367606596985 0.0))
    (1.6218109054527263 (0.09 -0.029414738163140552 0.0))
    (1.6228114057028513 (0.09 -0.029205644963072055 0.0))
    (1.6238119059529763 (0.09 -0.0289964194181364 0.0))
    (1.6248124062031015 (0.09 -0.028787084495233227 0.0))
    (1.6258129064532265 (0.09 -0.028577663173268916 0.0))
    (1.6268134067033515 (0.09 -0.028368178440633742 0.0))
    (1.6278139069534767 (0.09 -0.02815865329267868 0.0))
    (1.6288144072036017 (0.09 -0.028 0.0))
    (1.6298149074537267 (0.09 -0.028 0.0))
    (1.630815407703852 (0.09 -0.028 0.0))
    (1.631815907953977 (0.09 -0.028 0.0))
    (1.632816408204102 (0.09 -0.028 0.0))
    (1.633816908454227 (0.09 -0.028 0.0))
    (1.634817408704352 (0.09 -0.028 0.0))
    (1.635817908954477 (0.09 -0.028 0.0))
    (1.636818409204602 (0.09 -0.028 0.0))
    (1.6378189094547273 (0.09 -0.028 0.0))
    (1.6388194097048523 (0.09 -0.028 0.0))
    (1.6398199099549773 (0.09 -0.028 0.0))
    (1.6408204102051025 (0.09 -0.028 0.0))
    (1.6418209104552275 (0.09 -0.028 0.0))
    (1.6428214107053525 (0.09 -0.028 0.0))
    (1.6438219109554777 (0.09 -0.028 0.0))
    (1.6448224112056027 (0.09 -0.028 0.0))
    (1.6458229114557277 (0.09 -0.028 0.0))
    (1.646823411705853 (0.09 -0.028 0.0))
    (1.6478239119559779 (0.09 -0.028 0.0))
    (1.6488244122061029 (0.09 -0.028 0.0))
    (1.649824912456228 (0.09 -0.028 0.0))
    (1.650825412706353 (0.09 -0.028 0.0))
    (1.651825912956478 (0.09 -0.028 0.0))
    (1.6528264132066033 (0.09 -0.028 0.0))
    (1.6538269134567283 (0.09 -0.028 0.0))
    (1.6548274137068533 (0.09 -0.028 0.0))
    (1.6558279139569785 (0.09 -0.028 0.0))
    (1.6568284142071035 (0.09 -0.028 0.0))
    (1.6578289144572285 (0.09 -0.028 0.0))
    (1.6588294147073535 (0.09 -0.028 0.0))
    (1.6598299149574787 (0.09 -0.028 0.0))
    (1.6608304152076037 (0.09 -0.028 0.0))
    (1.6618309154577287 (0.09 -0.028 0.0))
    (1.6628314157078539 (0.09 -0.028 0.0))
    (1.6638319159579789 (0.09 -0.028 0.0))
    (1.6648324162081038 (0.09 -0.028 0.0))
    (1.665832916458229 (0.09 -0.028 0.0))
    (1.666833416708354 (0.09 -0.028 0.0))
    (1.667833916958479 (0.09 -0.028 0.0))
    (1.6688344172086043 (0.09 -0.028 0.0))
    (1.6698349174587293 (0.09 -0.028 0.0))
    (1.6708354177088542 (0.09 -0.028 0.0))
    (1.6718359179589795 (0.09 -0.028 0.0))
    (1.6728364182091044 (0.09 -0.028 0.0))
    (1.6738369184592294 (0.09 -0.028 0.0))
    (1.6748374187093547 (0.09 -0.028 0.0))
    (1.6758379189594796 (0.09 -0.028 0.0))
    (1.6768384192096046 (0.09 -0.028 0.0))
    (1.6778389194597298 (0.09 -0.028 0.0))
    (1.6788394197098548 (0.09 -0.028 0.0))
    (1.6798399199599798 (0.09 -0.028 0.0))
    (1.6808404202101048 (0.09 -0.028 0.0))
    (1.68184092046023 (0.09 -0.028 0.0))
    (1.682841420710355 (0.09 -0.028 0.0))
    (1.68384192096048 (0.09 -0.028 0.0))
    (1.6848424212106052 (0.09 -0.028 0.0))
    (1.6858429214607302 (0.09 -0.028 0.0))
    (1.6868434217108552 (0.09 -0.028 0.0))
    (1.6878439219609804 (0.09 -0.028 0.0))
    (1.6888444222111054 (0.09 -0.028 0.0))
    (1.6898449224612304 (0.09 -0.028 0.0))
    (1.6908454227113556 (0.09 -0.028 0.0))
    (1.6918459229614806 (0.09 -0.028 0.0))
    (1.6928464232116056 (0.09 -0.028 0.0))
    (1.6938469234617308 (0.09 -0.028 0.0))
    (1.6948474237118558 (0.09 -0.028 0.0))
    (1.6958479239619808 (0.09 -0.028 0.0))
    (1.696848424212106 (0.09 -0.028 0.0))
    (1.697848924462231 (0.09 -0.028 0.0))
    (1.698849424712356 (0.09 -0.028 0.0))
    (1.6998499249624812 (0.09 -0.028 0.0))
    (1.7008504252126062 (0.09 -0.028 0.0))
    (1.7018509254627312 (0.09 -0.028 0.0))
    (1.7028514257128564 (0.09 -0.028 0.0))
    (1.7038519259629814 (0.09 -0.028 0.0))
    (1.7048524262131064 (0.09 -0.028 0.0))
    (1.7058529264632314 (0.09 -0.028 0.0))
    (1.7068534267133566 (0.09 -0.028 0.0))
    (1.7078539269634816 (0.09 -0.028 0.0))
    (1.7088544272136066 (0.09 -0.028 0.0))
    (1.7098549274637318 (0.09 -0.028 0.0))
    (1.7108554277138568 (0.09 -0.028 0.0))
    (1.7118559279639818 (0.09 -0.028 0.0))
    (1.712856428214107 (0.09 -0.028 0.0))
    (1.713856928464232 (0.09 -0.028 0.0))
    (1.714857428714357 (0.09 -0.028 0.0))
    (1.7158579289644822 (0.09 -0.028 0.0))
    (1.7168584292146072 (0.09 -0.028 0.0))
    (1.7178589294647322 (0.09 -0.028 0.0))
    (1.7188594297148574 (0.09 -0.028 0.0))
    (1.7198599299649824 (0.09 -0.028 0.0))
    (1.7208604302151074 (0.09 -0.028 0.0))
    (1.7218609304652326 (0.09 -0.028 0.0))
    (1.7228614307153576 (0.09 -0.028 0.0))
    (1.7238619309654826 (0.09 -0.028 0.0))
    (1.7248624312156078 (0.09 -0.028 0.0))
    (1.7258629314657328 (0.09 -0.028 0.0))
    (1.7268634317158578 (0.09 -0.028 0.0))
    (1.7278639319659828 (0.09 -0.028 0.0))
    (1.728864432216108 (0.09 -0.028 0.0))
    (1.729864932466233 (0.09 -0.028 0.0))
    (1.730865432716358 (0.09 -0.028 0.0))
    (1.7318659329664832 (0.09 -0.028 0.0))
    (1.7328664332166082 (0.09 -0.028 0.0))
    (1.7338669334667332 (0.09 -0.028 0.0))
    (1.7348674337168584 (0.09 -0.028 0.0))
    (1.7358679339669834 (0.09 -0.028 0.0))
    (1.7368684342171083 (0.09 -0.028 0.0))
    (1.7378689344672336 (0.09 -0.028 0.0))
    (1.7388694347173586 (0.09 -0.028 0.0))
    (1.7398699349674835 (0.09 -0.028 0.0))
    (1.7408704352176088 (0.09 -0.028 0.0))
    (1.7418709354677337 (0.09 -0.028 0.0))
    (1.7428714357178587 (0.09 -0.028 0.0))
    (1.743871935967984 (0.09 -0.028 0.0))
    (1.744872436218109 (0.09 -0.028 0.0))
    (1.745872936468234 (0.09 -0.028 0.0))
    (1.7468734367183592 (0.09 -0.028 0.0))
    (1.7478739369684841 (0.09 -0.028 0.0))
    (1.7488744372186091 (0.09 -0.028 0.0))
    (1.7498749374687343 (0.09 -0.028 0.0))
    (1.7508754377188593 (0.09 -0.028 0.0))
    (1.7518759379689843 (0.09 -0.028 0.0))
    (1.7528764382191093 (0.09 -0.028 0.0))
    (1.7538769384692345 (0.09 -0.028 0.0))
    (1.7548774387193595 (0.09 -0.028 0.0))
    (1.7558779389694845 (0.09 -0.028 0.0))
    (1.7568784392196097 (0.09 -0.028 0.0))
    (1.7578789394697347 (0.09 -0.028 0.0))
    (1.7588794397198597 (0.09 -0.028 0.0))
    (1.759879939969985 (0.09 -0.028 0.0))
    (1.76088044022011 (0.09 -0.028 0.0))
    (1.761880940470235 (0.09 -0.028 0.0))
    (1.7628814407203601 (0.09 -0.028 0.0))
    (1.7638819409704851 (0.09 -0.028 0.0))
    (1.76488244122061 (0.09 -0.028 0.0))
    (1.7658829414707353 (0.09 -0.028 0.0))
    (1.7668834417208603 (0.09 -0.028 0.0))
    (1.7678839419709853 (0.09 -0.028 0.0))
    (1.7688844422211105 (0.09 -0.028 0.0))
    (1.7698849424712355 (0.09 -0.028 0.0))
    (1.7708854427213605 (0.09 -0.028 0.0))
    (1.7718859429714857 (0.09 -0.028 0.0))
    (1.7728864432216107 (0.09 -0.028 0.0))
    (1.7738869434717357 (0.09 -0.028 0.0))
    (1.774887443721861 (0.09 -0.028 0.0))
    (1.775887943971986 (0.09 -0.028 0.0))
    (1.776888444222111 (0.09 -0.028 0.0))
    (1.7778889444722359 (0.09 -0.028 0.0))
    (1.778889444722361 (0.09 -0.028 0.0))
    (1.779889944972486 (0.09 -0.028 0.0))
    (1.780890445222611 (0.09 -0.028 0.0))
    (1.7818909454727363 (0.09 -0.028 0.0))
    (1.7828914457228613 (0.09 -0.028 0.0))
    (1.7838919459729863 (0.09 -0.028 0.0))
    (1.7848924462231115 (0.09 -0.028 0.0))
    (1.7858929464732365 (0.09 -0.028 0.0))
    (1.7868934467233615 (0.09 -0.028 0.0))
    (1.7878939469734867 (0.09 -0.028 0.0))
    (1.7888944472236117 (0.09 -0.028 0.0))
    (1.7898949474737367 (0.09 -0.028 0.0))
    (1.7908954477238619 (0.09 -0.028 0.0))
    (1.7918959479739869 (0.09 -0.028 0.0))
    (1.7928964482241119 (0.09 -0.028 0.0))
    (1.793896948474237 (0.09 -0.028 0.0))
    (1.794897448724362 (0.09 -0.028 0.0))
    (1.795897948974487 (0.09 -0.028 0.0))
    (1.7968984492246123 (0.09 -0.028 0.0))
    (1.7978989494747373 (0.09 -0.028 0.0))
    (1.7988994497248623 (0.09 -0.028 0.0))
    (1.7998999499749873 (0.09 -0.028 0.0))
    (1.8009004502251125 (0.09 -0.028 0.0))
    (1.8019009504752375 (0.09 -0.028 0.0))
    (1.8029014507253625 (0.09 -0.028 0.0))
    (1.8039019509754877 (0.09 -0.028 0.0))
    (1.8049024512256127 (0.09 -0.028 0.0))
    (1.8059029514757377 (0.09 -0.028 0.0))
    (1.8069034517258629 (0.09 -0.028 0.0))
    (1.8079039519759879 (0.09 -0.028 0.0))
    (1.8089044522261128 (0.09 -0.028 0.0))
    (1.809904952476238 (0.09 -0.028 0.0))
    (1.810905452726363 (0.09 -0.028 0.0))
    (1.811905952976488 (0.09 -0.028 0.0))
    (1.8129064532266133 (0.09 -0.028 0.0))
    (1.8139069534767382 (0.09 -0.028 0.0))
    (1.8149074537268632 (0.09 -0.028 0.0))
    (1.8159079539769885 (0.09 -0.028 0.0))
    (1.8169084542271134 (0.09 -0.028 0.0))
    (1.8179089544772384 (0.09 -0.028 0.0))
    (1.8189094547273637 (0.09 -0.028 0.0))
    (1.8199099549774886 (0.09 -0.028 0.0))
    (1.8209104552276136 (0.09 -0.028 0.0))
    (1.8219109554777388 (0.09 -0.028 0.0))
    (1.8229114557278638 (0.09 -0.028 0.0))
    (1.8239119559779888 (0.09 -0.028 0.0))
    (1.8249124562281138 (0.09 -0.028 0.0))
    (1.825912956478239 (0.09 -0.028 0.0))
    (1.826913456728364 (0.09 -0.028 0.0))
    (1.827913956978489 (0.09 -0.028 0.0))
    (1.8289144572286142 (0.09 -0.028 0.0))
    (1.8299149574787392 (0.09 -0.028 0.0))
    (1.8309154577288642 (0.09 -0.028 0.0))
    (1.8319159579789894 (0.09 -0.028 0.0))
    (1.8329164582291144 (0.09 -0.028 0.0))
    (1.8339169584792394 (0.09 -0.028 0.0))
    (1.8349174587293646 (0.09 -0.028 0.0))
    (1.8359179589794896 (0.09 -0.028 0.0))
    (1.8369184592296146 (0.09 -0.028 0.0))
    (1.8379189594797398 (0.09 -0.028 0.0))
    (1.8389194597298648 (0.09 -0.028 0.0))
    (1.8399199599799898 (0.09 -0.028 0.0))
    (1.840920460230115 (0.09 -0.028 0.0))
    (1.84192096048024 (0.09 -0.028 0.0))
    (1.842921460730365 (0.09 -0.028 0.0))
    (1.8439219609804902 (0.09 -0.028 0.0))
    (1.8449224612306152 (0.09 -0.028 0.0))
    (1.8459229614807402 (0.09 -0.028 0.0))
    (1.8469234617308652 (0.09 -0.028 0.0))
    (1.8479239619809904 (0.09 -0.028 0.0))
    (1.8489244622311154 (0.09 -0.028 0.0))
    (1.8499249624812404 (0.09 -0.028 0.0))
    (1.8509254627313656 (0.09 -0.028 0.0))
    (1.8519259629814906 (0.09 -0.028 0.0))
    (1.8529264632316156 (0.09 -0.028 0.0))
    (1.8539269634817408 (0.09 -0.028 0.0))
    (1.8549274637318658 (0.09 -0.028 0.0))
    (1.8559279639819908 (0.09 -0.028 0.0))
    (1.856928464232116 (0.09 -0.028 0.0))
    (1.857928964482241 (0.09 -0.028 0.0))
    (1.858929464732366 (0.09 -0.028 0.0))
    (1.8599299649824912 (0.09 -0.028 0.0))
    (1.8609304652326162 (0.09 -0.028 0.0))
    (1.8619309654827412 (0.09 -0.028 0.0))
    (1.8629314657328664 (0.09 -0.028 0.0))
    (1.8639319659829914 (0.09 -0.028 0.0))
    (1.8649324662331164 (0.09 -0.028 0.0))
    (1.8659329664832416 (0.09 -0.028 0.0))
    (1.8669334667333666 (0.09 -0.028 0.0))
    (1.8679339669834916 (0.09 -0.028 0.0))
    (1.8689344672336168 (0.09 -0.028 0.0))
    (1.8699349674837418 (0.09 -0.028 0.0))
    (1.8709354677338668 (0.09 -0.028 0.0))
    (1.8719359679839918 (0.09 -0.028 0.0))
    (1.872936468234117 (0.09 -0.028 0.0))
    (1.873936968484242 (0.09 -0.028 0.0))
    (1.874937468734367 (0.09 -0.028 0.0))
    (1.8759379689844922 (0.09 -0.028 0.0))
    (1.8769384692346172 (0.09 -0.028 0.0))
    (1.8779389694847421 (0.09 -0.028 0.0))
    (1.8789394697348674 (0.09 -0.028 0.0))
    (1.8799399699849924 (0.09 -0.028 0.0))
    (1.8809404702351173 (0.09 -0.028 0.0))
    (1.8819409704852426 (0.09 -0.028 0.0))
    (1.8829414707353676 (0.09 -0.028 0.0))
    (1.8839419709854925 (0.09 -0.028 0.0))
    (1.8849424712356178 (0.09 -0.028 0.0))
    (1.8859429714857427 (0.09 -0.028 0.0))
    (1.8869434717358677 (0.09 -0.028 0.0))
    (1.887943971985993 (0.09 -0.028 0.0))
    (1.888944472236118 (0.09 -0.028 0.0))
    (1.889944972486243 (0.09 -0.028 0.0))
    (1.8909454727363681 (0.09 -0.028 0.0))
    (1.8919459729864931 (0.09 -0.028 0.0))
    (1.8929464732366181 (0.09 -0.028 0.0))
    (1.8939469734867433 (0.09 -0.028 0.0))
    (1.8949474737368683 (0.09 -0.028 0.0))
    (1.8959479739869933 (0.09 -0.028 0.0))
    (1.8969484742371183 (0.09 -0.028 0.0))
    (1.8979489744872435 (0.09 -0.028 0.0))
    (1.8989494747373685 (0.09 -0.028 0.0))
    (1.8999499749874935 (0.09 -0.028 0.0))
    (1.9009504752376187 (0.09 -0.028 0.0))
    (1.9019509754877437 (0.09 -0.028 0.0))
    (1.9029514757378687 (0.09 -0.028 0.0))
    (1.903951975987994 (0.09 -0.028 0.0))
    (1.904952476238119 (0.09 -0.028 0.0))
    (1.905952976488244 (0.09 -0.028 0.0))
    (1.9069534767383691 (0.09 -0.028 0.0))
    (1.9079539769884941 (0.09 -0.028 0.0))
    (1.908954477238619 (0.09 -0.028 0.0))
    (1.9099549774887443 (0.09 -0.028 0.0))
    (1.9109554777388693 (0.09 -0.028 0.0))
    (1.9119559779889943 (0.09 -0.028 0.0))
    (1.9129564782391195 (0.09 -0.028 0.0))
    (1.9139569784892445 (0.09 -0.028 0.0))
    (1.9149574787393695 (0.09 -0.028 0.0))
    (1.9159579789894947 (0.09 -0.028 0.0))
    (1.9169584792396197 (0.09 -0.028 0.0))
    (1.9179589794897447 (0.09 -0.028 0.0))
    (1.9189594797398697 (0.09 -0.028 0.0))
    (1.919959979989995 (0.09 -0.028 0.0))
    (1.92096048024012 (0.09 -0.028 0.0))
    (1.9219609804902449 (0.09 -0.028 0.0))
    (1.92296148074037 (0.09 -0.028 0.0))
    (1.923961980990495 (0.09 -0.028 0.0))
    (1.92496248124062 (0.09 -0.028 0.0))
    (1.9259629814907453 (0.09 -0.028 0.0))
    (1.9269634817408703 (0.09 -0.028 0.0))
    (1.9279639819909953 (0.09 -0.028 0.0))
    (1.9289644822411205 (0.09 -0.028082320735633298 0.0))
    (1.9299649824912455 (0.09 -0.028291854891137194 0.0))
    (1.9309654827413705 (0.09 -0.02850135700943446 0.0))
    (1.9319659829914957 (0.09 -0.028710804093265662 0.0))
    (1.9329664832416207 (0.09 -0.028920173151412536 0.0))
    (1.9339669834917457 (0.09 -0.029129441201221858 0.0))
    (1.9349674837418709 (0.09 -0.029338585271127975 0.0))
    (1.9359679839919959 (0.09 -0.029547582403174844 0.0))
    (1.9369684842421209 (0.09 -0.029756409655535873 0.0))
    (1.937968984492246 (0.09 -0.029965044105032403 0.0))
    (1.938969484742371 (0.09 -0.030173462849649727 0.0))
    (1.939969984992496 (0.09 -0.0303816430110515 0.0))
    (1.9409704852426213 (0.09 -0.030589561737090886 0.0))
    (1.9419709854927463 (0.09 -0.030797196204318873 0.0))
    (1.9429714857428713 (0.09 -0.031004523620490033 0.0))
    (1.9439719859929963 (0.09 -0.03121152122706417 0.0))
    (1.9449724862431215 (0.09 -0.03141816630170469 0.0))
    (1.9459729864932465 (0.09 -0.031624436160772595 0.0))
    (1.9469734867433715 (0.09 -0.03183030816181686 0.0))
    (1.9479739869934967 (0.09 -0.03203575970605968 0.0))
    (1.9489744872436217 (0.09 -0.03224076824087723 0.0))
    (1.9499749874937466 (0.09 -0.03244531126227534 0.0))
    (1.9509754877438719 (0.09 -0.0326493663173595 0.0))
    (1.9519759879939969 (0.09 -0.032852911006799976 0.0))
    (1.9529764882441218 (0.09 -0.033055922987290313 0.0))
    (1.953976988494247 (0.09 -0.03325837997400013 0.0))
    (1.954977488744372 (0.09 -0.033460259743021054 0.0))
    (1.955977988994497 (0.09 -0.03366154013380671 0.0))
    (1.9569784892446223 (0.09 -0.03386219905160507 0.0))
    (1.9579789894947472 (0.09 -0.034062214469883605 0.0))
    (1.9589794897448722 (0.09 -0.034261564432747596 0.0))
    (1.9599799899949975 (0.09 -0.034460227057350044 0.0))
    (1.9609804902451224 (0.09 -0.03465818053629354 0.0))
    (1.9619809904952474 (0.09 -0.034855403140024555 0.0))
    (1.9629814907453726 (0.09 -0.03505187321921835 0.0))
    (1.9639819909954976 (0.09 -0.03524756920715562 0.0))
    (1.9649824912456226 (0.09 -0.03544246962208986 0.0))
    (1.9659829914957476 (0.09 -0.035636553069605253 0.0))
    (1.9669834917458728 (0.09 -0.0358297982449655 0.0))
    (1.9679839919959978 (0.09 -0.036022183935452236 0.0))
    (1.9689844922461228 (0.09 -0.036213689022693604 0.0))
    (1.969984992496248 (0.09 -0.036404292484982524 0.0))
    (1.970985492746373 (0.09 -0.036593973399584014 0.0))
    (1.971985992996498 (0.09 -0.03678271094503227 0.0))
    (1.9729864932466232 (0.09 -0.036970484403416076 0.0))
    (1.9739869934967482 (0.09 -0.03715727316265283 0.0))
    (1.9749874937468732 (0.09 -0.03734305671875157 0.0))
    (1.9759879939969984 (0.09 -0.03752781467806345 0.0))
    (1.9769884942471234 (0.09 -0.03771152675952029 0.0))
    (1.9779889944972484 (0.09 -0.03789417279686111 0.0))
    (1.9789894947473736 (0.09 -0.038075732740845664 0.0))
    (1.9799899949974986 (0.09 -0.03825618666145522 0.0))
    (1.9809904952476236 (0.09 -0.03843551475008046 0.0))
    (1.9819909954977488 (0.09 -0.03861369732169556 0.0))
    (1.9829914957478738 (0.09 -0.038790714817019456 0.0))
    (1.9839919959979988 (0.09 -0.03896654780466264 0.0))
    (1.984992496248124 (0.09 -0.03914117698326024 0.0))
    (1.985992996498249 (0.09 -0.039314583183590567 0.0))
    (1.986993496748374 (0.09 -0.039486747370679656 0.0))
    (1.9879939969984992 (0.09 -0.0396576506458906 0.0))
    (1.9889944972486242 (0.09 -0.039827274248997895 0.0))
    (1.9899949974987492 (0.09 -0.03999559956024709 0.0))
    (1.9909954977488742 (0.09 -0.04016260810239851 0.0))
    (1.9919959979989994 (0.09 -0.040328281542755605 0.0))
    (1.9929964982491244 (0.09 -0.04049260169517712 0.0))
    (1.9939969984992494 (0.09 -0.04065555052207377 0.0))
    (1.9949974987493746 (0.09 -0.040817110136388 0.0))
    (1.9959979989994996 (0.09 -0.040977262803557575 0.0))
    (1.9969984992496246 (0.09 -0.041135990943462104 0.0))
    (1.9979989994997498 (0.09 -0.041293277132353166 0.0))
    (1.9989994997498748 (0.09 -0.04144910410476671 0.0))
    (2.0 (0.09 -0.04160345475541839 0.0))
)
